2 0.000000 100.000000 664.517904
89 64 
1 -5.544673 0.000000 -5.550048 99.995040 0.000000 0.000868 0.000099 
2 5.950248 0.000000 -5.550048 99.995393 0.000000 -0.029497 0.000092 
3 5.950248 0.000000 5.737778 100.004473 -0.000000 -0.027010 -0.000090 
4 -5.544673 0.000000 5.737778 100.004817 -0.000000 0.000792 -0.000096 
5 0.202788 0.000000 0.093865 102.795166 -0.000000 -6.215758 -0.060548 
6 -5.544673 0.000000 0.093865 100.000114 0.000000 0.006900 -0.000002 
7 0.202788 0.000000 -5.550048 99.985760 0.000000 -0.014957 0.000285 
8 5.950248 0.000000 0.093865 100.000067 -0.000000 -4.675163 -0.002187 
9 0.202788 0.000000 5.737778 100.013232 -0.000000 -0.013701 -0.000265 
10 -2.670943 0.000000 -2.728092 99.979261 0.000000 0.003462 0.000415 
11 -5.544673 0.000000 -2.728092 99.995039 0.000000 0.004141 0.000099 
12 -2.670943 0.000000 -5.550048 99.989716 0.000000 -0.002903 0.000206 
13 0.202788 0.000000 -2.728092 99.941726 0.000000 -0.063747 0.001165 
14 -2.670943 0.000000 0.093865 100.001128 -0.000000 0.028765 -0.000023 
15 3.076518 0.000000 -2.728092 99.982069 0.000000 -0.120664 0.000357 
16 3.076518 0.000000 -5.550048 99.990318 0.000000 -0.026285 0.000194 
17 5.950248 0.000000 -2.728092 99.995567 0.000000 -0.120414 0.000087 
18 3.076518 0.000000 0.093865 100.000170 -0.000000 -4.692668 -0.002206 
19 -2.670943 0.000000 2.915821 100.019578 -0.000000 0.002790 -0.000392 
20 -5.544673 0.000000 2.915821 100.004943 -0.000000 0.003942 -0.000099 
21 0.202788 0.000000 2.915821 100.050464 -0.000000 -0.053835 -0.001010 
22 -2.670943 0.000000 5.737778 100.009722 -0.000000 -0.002794 -0.000194 
23 -1.234078 0.000000 -1.317114 99.910816 0.000000 0.014396 0.001783 
24 -2.670943 0.000000 -1.317114 99.979222 0.000000 0.017418 0.000415 
25 -1.234078 0.000000 -2.728092 99.956881 0.000000 -0.012880 0.000862 
26 0.202788 0.000000 -1.317114 99.763638 0.000000 -0.271485 0.004714 
27 -1.234078 0.000000 0.093865 100.011744 -0.000000 0.123276 -0.000236 
28 3.076518 0.000000 2.915821 100.016893 -0.000000 -0.101727 -0.000339 
29 5.950248 0.000000 2.915821 100.004382 -0.000000 -0.101736 -0.000089 
30 3.076518 0.000000 5.737778 100.009164 -0.000000 -0.023961 -0.000183 
31 1.639653 0.000000 -1.317114 99.932527 0.000000 -0.478808 0.001326 
32 1.639653 0.000000 -2.728092 99.961758 0.000000 -0.108741 0.000764 
33 3.076518 0.000000 -1.317114 99.983222 0.000000 -0.475848 0.000313 
34 1.639653 0.000000 0.093865 99.997829 -0.000000 -4.753899 -0.002217 
35 -1.234078 0.000000 1.504843 100.079723 -0.000000 0.008167 -0.001595 
36 -2.670943 0.000000 1.504843 100.020750 -0.000000 0.015629 -0.000415 
37 0.202788 0.000000 1.504843 100.180822 -0.000000 -0.200165 -0.003624 
38 -1.234078 0.000000 2.915821 100.038540 -0.000000 -0.012022 -0.000771 
39 -0.515645 0.000000 -0.611624 99.605837 0.000000 0.074249 0.007867 
40 -1.234078 0.000000 -0.611624 99.911704 0.000000 0.077157 0.001765 
41 -0.515645 0.000000 -1.317114 99.815176 0.000000 -0.058305 0.003693 
42 0.202788 0.000000 -0.611624 99.125610 0.000000 -1.016278 0.017308 
43 -0.515645 0.000000 0.093865 100.125662 -0.000000 0.551133 -0.002545 
44 1.639653 0.000000 1.504843 100.059925 -0.000000 -0.352747 -0.001211 
45 3.076518 0.000000 1.504843 100.016218 -0.000000 -0.350942 -0.000337 
46 1.639653 0.000000 2.915821 100.034360 -0.000000 -0.090986 -0.000688 
47 0.921220 0.000000 -0.611624 99.765989 0.000000 -1.580955 0.004425 
48 0.921220 0.000000 -1.317114 99.853778 0.000000 -0.439261 0.002903 
49 1.639653 0.000000 -0.611624 99.939578 0.000000 -1.558322 0.000965 
50 0.921220 0.000000 0.093865 99.982274 -0.000000 -4.961054 -0.002107 
51 -0.515645 0.000000 0.799354 100.318471 -0.000000 0.013733 -0.006380 
52 -1.234078 0.000000 0.799354 100.089664 -0.000000 0.060208 -0.001794 
53 0.202788 0.000000 0.799354 100.568382 -0.000000 -0.635602 -0.011440 
54 -0.515645 0.000000 1.504843 100.148296 -0.000000 -0.052333 -0.002968 
55 -0.156429 0.000000 -0.258880 98.395272 0.000000 0.434877 0.031818 
56 -0.515645 0.000000 -0.258880 99.631964 0.000000 0.382308 0.007333 
57 -0.156429 0.000000 -0.611624 99.218228 0.000000 -0.238641 0.015569 
58 0.202788 0.000000 -0.258880 97.656562 0.000000 -2.848610 0.045508 
59 -0.156429 0.000000 0.093865 101.185374 -0.000000 2.027294 -0.024259 
60 0.921220 0.000000 0.799354 100.190927 -0.000000 -1.028078 -0.003928 
61 1.639653 0.000000 0.799354 100.054419 -0.000000 -1.010497 -0.001191 
62 0.921220 0.000000 1.504843 100.120173 -0.000000 -0.320350 -0.002415 
63 0.562004 0.000000 -0.258880 99.370502 0.000000 -3.461299 0.011352 
64 0.562004 0.000000 -0.611624 99.499355 0.000000 -1.489546 0.009766 
65 0.921220 0.000000 -0.258880 99.799575 0.000000 -3.309935 0.002909 
66 0.562004 0.000000 0.093865 99.904867 -0.000000 -5.445106 -0.001063 
67 -0.156429 0.000000 0.446609 101.064328 -0.000000 -0.073527 -0.021400 
68 -0.515645 0.000000 0.446609 100.394392 -0.000000 0.214797 -0.007908 
69 0.202788 0.000000 0.446609 101.356148 -0.000000 -1.461930 -0.027521 
70 -0.156429 0.000000 0.799354 100.522640 -0.000000 -0.211258 -0.010485 
71 0.023179 0.000000 -0.082508 97.395374 0.000000 17.936065 0.019244 
72 -0.156429 0.000000 -0.082508 98.701297 0.000000 2.022929 0.025396 
73 0.023179 0.000000 -0.258880 97.182379 0.000000 -0.822122 0.055491 
74 0.202788 0.000000 -0.082508 96.029385 0.000000 -22.379858 0.027750 
75 0.023179 0.000000 0.093865 98.308332 0.000000 13.925307 0.014156 
76 0.562004 0.000000 0.446609 100.582525 -0.000000 -2.354013 -0.012239 
77 0.921220 0.000000 0.446609 100.160240 -0.000000 -2.274526 -0.003725 
78 0.562004 0.000000 0.799354 100.377539 -0.000000 -0.948086 -0.007655 
79 0.382396 0.000000 0.270237 102.220187 -0.000000 -3.737966 -0.046294 
80 0.202788 0.000000 0.270237 102.221267 -0.000000 -2.482460 -0.045535 
81 0.382396 0.000000 0.093865 99.501531 0.000000 -5.451649 0.006972 
82 0.562004 0.000000 0.270237 100.496315 -0.000000 -4.265862 -0.011771 
83 0.382396 0.000000 0.446609 101.029441 -0.000000 -2.071428 -0.021124 
84 0.382396 0.000000 -0.082508 99.067937 0.000000 -5.017756 0.016037 
85 0.382396 0.000000 -0.258880 98.797447 0.000000 -3.434530 0.022727 
86 0.562004 0.000000 -0.082508 99.549230 0.000000 -4.604412 0.006875 
87 0.023179 0.000000 0.270237 102.645749 -0.000000 -0.703507 -0.053664 
88 -0.156429 0.000000 0.270237 101.502163 -0.000000 0.473104 -0.030291 
89 0.023179 0.000000 0.446609 101.410854 -0.000000 -0.687201 -0.028463 
1 1 12 10 11 
2 12 7 13 10 
3 11 10 14 6 
4 7 16 15 13 
5 16 2 17 15 
6 15 17 8 18 
7 6 14 19 20 
8 19 21 9 22 
9 20 19 22 4 
10 10 25 23 24 
11 25 13 26 23 
12 24 23 27 14 
13 18 8 29 28 
14 28 29 3 30 
15 21 28 30 9 
16 13 32 31 26 
17 32 15 33 31 
18 31 33 18 34 
19 14 27 35 36 
20 35 37 21 38 
21 36 35 38 19 
22 23 41 39 40 
23 41 26 42 39 
24 40 39 43 27 
25 34 18 45 44 
26 44 45 28 46 
27 37 44 46 21 
28 26 48 47 42 
29 48 31 49 47 
30 47 49 34 50 
31 27 43 51 52 
32 51 53 37 54 
33 52 51 54 35 
34 39 57 55 56 
35 57 42 58 55 
36 56 55 59 43 
37 50 34 61 60 
38 60 61 44 62 
39 53 60 62 37 
40 42 64 63 58 
41 64 47 65 63 
42 63 65 50 66 
43 43 59 67 68 
44 67 69 53 70 
45 68 67 70 51 
46 55 73 71 72 
47 73 58 74 71 
48 71 74 5 75 
49 72 71 75 59 
50 66 50 77 76 
51 76 77 60 78 
52 69 76 78 53 
53 5 81 79 80 
54 81 66 82 79 
55 79 82 76 83 
56 80 79 83 69 
57 58 85 84 74 
58 85 63 86 84 
59 84 86 66 81 
60 74 84 81 5 
61 59 75 87 88 
62 75 5 80 87 
63 87 80 69 89 
64 88 87 89 67 
