2 0.000000 100.000000 664.517904
89 64 
1 -16.908830 0.000000 -16.925222 99.995180 0.000000 0.000856 0.000096 
2 18.278604 0.000000 -16.925222 99.995538 0.000000 -0.028769 0.000089 
3 18.278604 0.000000 17.462620 100.004344 0.000000 -0.026518 -0.000087 
4 -16.908830 0.000000 17.462620 100.004694 0.000000 0.000783 -0.000094 
5 0.684887 0.000000 0.268699 102.112560 -0.000000 -6.216294 -0.046562 
6 -16.908830 0.000000 0.268699 100.000111 0.000000 0.006705 -0.000002 
7 0.684887 0.000000 -16.925222 99.986112 0.000000 -0.014614 0.000278 
8 18.278604 0.000000 0.268699 100.000095 -0.000000 -4.821976 -0.002327 
9 0.684887 0.000000 17.462620 100.012971 0.000000 -0.013477 -0.000259 
10 -8.111971 0.000000 -8.328262 99.979819 0.000000 0.003385 0.000404 
11 -16.908830 0.000000 -8.328262 99.995191 0.000000 0.004032 0.000096 
12 -8.111971 0.000000 -16.925222 99.989975 0.000000 -0.002818 0.000200 
13 0.684887 0.000000 -8.328262 99.943407 -0.000000 -0.062211 0.001131 
14 -8.111971 0.000000 0.268699 100.001083 0.000000 0.028071 -0.000022 
15 9.481745 0.000000 -8.328262 99.982674 -0.000000 -0.117235 0.000345 
16 9.481745 0.000000 -16.925222 99.990591 0.000000 -0.025664 0.000188 
17 18.278604 0.000000 -8.328262 99.995726 -0.000000 -0.116936 0.000084 
18 9.481745 0.000000 0.268699 100.000227 -0.000000 -4.838976 -0.002346 
19 -8.111971 0.000000 8.865659 100.019148 0.000000 0.002743 -0.000383 
20 -16.908830 0.000000 8.865659 100.004802 0.000000 0.003847 -0.000096 
21 0.684887 0.000000 8.865659 100.049505 0.000000 -0.053217 -0.000991 
22 -8.111971 0.000000 17.462620 100.009516 0.000000 -0.002727 -0.000190 
23 -3.713542 0.000000 -4.029781 99.912790 -0.000000 0.013641 0.001743 
24 -8.111971 0.000000 -4.029781 99.979768 0.000000 0.016960 0.000405 
25 -3.713542 0.000000 -8.328262 99.957995 -0.000000 -0.012607 0.000840 
26 0.684887 0.000000 -4.029781 99.772893 -0.000000 -0.265391 0.004530 
27 -3.713542 0.000000 0.268699 100.011248 0.000000 0.121695 -0.000226 
28 9.481745 0.000000 8.865659 100.016411 0.000000 -0.100120 -0.000329 
29 18.278604 0.000000 8.865659 100.004237 0.000000 -0.100080 -0.000086 
30 9.481745 0.000000 17.462620 100.008943 0.000000 -0.023556 -0.000179 
31 5.083316 0.000000 -4.029781 99.935018 -0.000000 -0.461775 0.001278 
32 5.083316 0.000000 -8.328262 99.962981 -0.000000 -0.105764 0.000739 
33 9.481745 0.000000 -4.029781 99.983843 -0.000000 -0.458856 0.000302 
34 5.083316 0.000000 0.268699 99.998320 -0.000000 -4.898727 -0.002366 
35 -3.713542 0.000000 4.567179 100.078623 0.000000 0.007775 -0.001573 
36 -8.111971 0.000000 4.567179 100.020275 0.000000 0.015291 -0.000406 
37 0.684887 0.000000 4.567179 100.177169 0.000000 -0.200855 -0.003551 
38 -3.713542 0.000000 8.865659 100.037848 0.000000 -0.011876 -0.000757 
39 -1.514328 0.000000 -1.880541 99.609818 -0.000000 0.061797 0.007788 
40 -3.713542 0.000000 -1.880541 99.912511 -0.000000 0.075212 0.001748 
41 -1.514328 0.000000 -4.029781 99.819852 -0.000000 -0.058556 0.003599 
42 0.684887 0.000000 -1.880541 99.184671 -0.000000 -1.008860 0.016138 
43 -1.514328 0.000000 0.268699 100.124977 0.000000 0.559856 -0.002532 
44 5.083316 0.000000 4.567179 100.058262 0.000000 -0.348236 -0.001178 
45 9.481745 0.000000 4.567179 100.015712 0.000000 -0.346440 -0.000326 
46 5.083316 0.000000 8.865659 100.033529 0.000000 -0.089685 -0.000672 
47 2.884102 0.000000 -1.880541 99.776151 -0.000000 -1.518636 0.004241 
48 2.884102 0.000000 -4.029781 99.859957 -0.000000 -0.424297 0.002781 
49 5.083316 0.000000 -1.880541 99.941987 -0.000000 -1.493399 0.000937 
50 2.884102 0.000000 0.268699 99.958014 -0.000000 -5.066890 -0.001728 
51 -1.514328 0.000000 2.417939 100.317175 0.000000 0.007114 -0.006354 
52 -3.713542 0.000000 2.417939 100.088832 0.000000 0.059201 -0.001778 
53 0.684887 0.000000 2.417939 100.548174 0.000000 -0.645063 -0.011035 
54 -1.514328 0.000000 4.567179 100.146485 0.000000 -0.052965 -0.002932 
55 -0.414720 0.000000 -0.805921 98.332738 -0.000000 0.330282 0.033056 
56 -1.514328 0.000000 -0.805921 99.620160 -0.000000 0.370713 0.007569 
57 -0.414720 0.000000 -1.880541 99.239996 -0.000000 -0.264024 0.015135 
58 0.684887 0.000000 -0.805921 97.905317 -0.000000 -2.875364 0.040628 
59 -0.414720 0.000000 0.268699 101.340319 0.000000 2.210713 -0.027475 
60 2.884102 0.000000 2.417939 100.184618 0.000000 -1.016731 -0.003799 
61 5.083316 0.000000 2.417939 100.052938 0.000000 -1.000142 -0.001159 
62 2.884102 0.000000 4.567179 100.116974 0.000000 -0.316539 -0.002351 
63 1.784494 0.000000 -0.805921 99.427912 -0.000000 -3.334254 0.010297 
64 1.784494 0.000000 -1.880541 99.537775 -0.000000 -1.431501 0.009018 
65 2.884102 0.000000 -0.805921 99.811486 -0.000000 -3.200831 0.002742 
66 1.784494 0.000000 0.268699 99.842824 -0.000000 -5.481773 0.000136 
67 -0.414720 0.000000 1.343319 101.086538 0.000000 -0.121313 -0.021850 
68 -1.514328 0.000000 1.343319 100.400521 0.000000 0.208174 -0.008031 
69 0.684887 0.000000 1.343319 101.282847 0.000000 -1.516987 -0.026052 
70 -0.414720 0.000000 2.417939 100.516824 0.000000 -0.225604 -0.010368 
71 0.135083 0.000000 -0.268611 99.552254 -0.000000 10.959325 -0.003076 
72 -0.414720 0.000000 -0.268611 98.442599 -0.000000 2.069798 0.030477 
73 0.135083 0.000000 -0.805921 97.269245 -0.000000 -1.059017 0.053757 
74 0.684887 0.000000 -0.268611 97.301536 0.000000 -6.297979 0.049275 
75 0.135083 0.000000 0.268699 99.064618 -0.000000 9.329332 0.009917 
76 1.784494 0.000000 1.343319 100.549254 0.000000 -2.310627 -0.011549 
77 2.884102 0.000000 1.343319 100.150017 0.000000 -2.242298 -0.003505 
78 1.784494 0.000000 2.417939 100.360148 0.000000 -0.939718 -0.007304 
79 1.234691 0.000000 0.806009 101.921525 0.000000 -3.292637 -0.039884 
80 0.684887 0.000000 0.806009 102.026087 0.000000 -2.676913 -0.041649 
81 1.234691 0.000000 0.268699 99.412081 -0.000000 -5.031597 0.009192 
82 1.784494 0.000000 0.806009 100.503614 0.000000 -4.244728 -0.011899 
83 1.234691 0.000000 1.343319 100.971892 0.000000 -2.060081 -0.019957 
84 1.234691 0.000000 -0.268611 99.144174 0.000000 -5.152395 0.014389 
85 1.234691 0.000000 -0.805921 98.932971 -0.000000 -3.318333 0.020126 
86 1.784494 0.000000 -0.268611 99.562439 0.000000 -4.837986 0.006391 
87 0.135083 0.000000 0.806009 102.703337 0.000000 -0.952784 -0.054888 
88 -0.414720 0.000000 0.806009 101.604589 0.000000 0.427431 -0.032368 
89 0.135083 0.000000 1.343319 101.400012 0.000000 -0.773563 -0.028256 
1 1 12 10 11 
2 12 7 13 10 
3 11 10 14 6 
4 7 16 15 13 
5 16 2 17 15 
6 15 17 8 18 
7 6 14 19 20 
8 19 21 9 22 
9 20 19 22 4 
10 10 25 23 24 
11 25 13 26 23 
12 24 23 27 14 
13 18 8 29 28 
14 28 29 3 30 
15 21 28 30 9 
16 13 32 31 26 
17 32 15 33 31 
18 31 33 18 34 
19 14 27 35 36 
20 35 37 21 38 
21 36 35 38 19 
22 23 41 39 40 
23 41 26 42 39 
24 40 39 43 27 
25 34 18 45 44 
26 44 45 28 46 
27 37 44 46 21 
28 26 48 47 42 
29 48 31 49 47 
30 47 49 34 50 
31 27 43 51 52 
32 51 53 37 54 
33 52 51 54 35 
34 39 57 55 56 
35 57 42 58 55 
36 56 55 59 43 
37 50 34 61 60 
38 60 61 44 62 
39 53 60 62 37 
40 42 64 63 58 
41 64 47 65 63 
42 63 65 50 66 
43 43 59 67 68 
44 67 69 53 70 
45 68 67 70 51 
46 55 73 71 72 
47 73 58 74 71 
48 71 74 5 75 
49 72 71 75 59 
50 66 50 77 76 
51 76 77 60 78 
52 69 76 78 53 
53 5 81 79 80 
54 81 66 82 79 
55 79 82 76 83 
56 80 79 83 69 
57 58 85 84 74 
58 85 63 86 84 
59 84 86 66 81 
60 74 84 81 5 
61 59 75 87 88 
62 75 5 80 87 
63 87 80 69 89 
64 88 87 89 67 
