2 0.000000 100.000000 5791.461216
506 409 
1 -12.499833 0.000000 -12.510604 99.932974 0.000001 3.491097 0.000121 
2 13.535932 0.000000 -12.510604 99.934343 0.000009 3.455247 0.000119 
3 13.535932 0.000000 12.703090 99.945801 -0.000000 3.451912 -0.000108 
4 -12.499833 0.000000 12.703090 99.945412 0.000001 3.490967 -0.000127 
5 0.518049 0.000000 0.096243 100.953390 0.000079 -6.469283 -0.023344 
6 -12.499833 0.000000 0.096243 99.939330 0.000001 3.498736 -0.000011 
7 0.518049 0.000000 -12.510604 99.921799 0.000005 3.471490 0.000358 
8 13.535932 0.000000 0.096243 100.098224 0.002089 -1.084685 -0.002083 
9 0.518049 0.000000 12.703090 99.956962 0.000000 3.471196 -0.000344 
10 -5.990892 0.000000 -6.207181 99.913389 0.000004 3.494184 0.000511 
11 -12.499833 0.000000 -6.207181 99.932986 0.000001 3.495194 0.000118 
12 -5.990892 0.000000 -12.510604 99.926404 0.000002 3.486387 0.000256 
13 0.518049 0.000000 -6.207181 99.869878 0.000026 3.411922 0.001437 
14 -5.990892 0.000000 0.096243 99.940033 0.000004 3.527114 -0.000045 
15 7.026991 0.000000 -6.207181 99.921000 0.000055 3.350615 0.000457 
16 7.026991 0.000000 -12.510604 99.927874 0.000008 3.458148 0.000246 
17 13.535932 0.000000 -6.207181 99.937706 0.000055 3.359532 0.000117 
18 7.026991 0.000000 0.096243 100.122841 -0.002937 -1.857733 -0.002803 
19 -5.990892 0.000000 6.399666 99.965159 0.000001 3.493665 -0.000524 
20 -12.499833 0.000000 6.399666 99.945535 0.000001 3.495044 -0.000133 
21 0.518049 0.000000 6.399666 100.008251 -0.000006 3.414281 -0.001331 
22 -5.990892 0.000000 12.703090 99.952051 0.000001 3.486168 -0.000257 
23 -2.736421 0.000000 -3.055469 99.827319 0.000018 3.504230 0.002223 
24 -5.990892 0.000000 -3.055469 99.912802 0.000005 3.511628 0.000510 
25 -2.736421 0.000000 -6.207181 99.886291 0.000010 3.473479 0.001066 
26 0.518049 0.000000 -3.055469 99.670613 0.000111 3.161834 0.005577 
27 -2.736421 0.000000 0.096243 99.943499 0.000013 3.655158 -0.000206 
28 7.026991 0.000000 6.399666 99.964323 -0.000020 3.344753 -0.000405 
29 13.535932 0.000000 6.399666 99.949421 -0.000023 3.335142 -0.000101 
30 7.026991 0.000000 12.703090 99.951711 -0.000000 3.456882 -0.000229 
31 3.772520 0.000000 -3.055469 99.872798 0.000312 2.953920 0.001670 
32 3.772520 0.000000 -6.207181 99.895788 0.000045 3.360819 0.000954 
33 7.026991 0.000000 -3.055469 99.934139 0.000329 2.987609 0.000424 
34 3.772520 0.000000 0.096243 100.110874 -0.003538 -1.916937 -0.002586 
35 -2.736421 0.000000 3.247954 100.048473 0.000001 3.501787 -0.002196 
36 -5.990892 0.000000 3.247954 99.966327 0.000002 3.510771 -0.000559 
37 0.518049 0.000000 3.247954 100.191958 -0.000045 3.194595 -0.004863 
38 -2.736421 0.000000 6.399666 99.991519 0.000000 3.473296 -0.001037 
39 -1.109186 0.000000 -1.479613 99.439479 0.000053 3.526505 0.009935 
40 -2.736421 0.000000 -1.479613 99.819645 0.000019 3.582653 0.002320 
41 -1.109186 0.000000 -3.055469 99.716018 0.000043 3.409625 0.004509 
42 0.518049 0.000000 -1.479613 99.030069 0.000288 2.276396 0.018786 
43 -1.109186 0.000000 0.096243 99.983036 0.000023 4.268250 -0.001483 
44 3.772520 0.000000 3.247954 100.026845 -0.000166 2.978154 -0.001424 
45 7.026991 0.000000 3.247954 99.975575 -0.000205 2.952362 -0.000383 
46 3.772520 0.000000 6.399666 99.986512 -0.000015 3.362071 -0.000861 
47 2.145285 0.000000 -1.479613 99.710074 0.001085 1.757949 0.005481 
48 2.145285 0.000000 -3.055469 99.780401 0.000232 2.984506 0.003496 
49 3.772520 0.000000 -1.479613 99.915483 0.001424 1.862927 0.001343 
50 2.145285 0.000000 0.096243 100.056253 -0.003545 -1.998657 -0.001525 
51 -1.109186 0.000000 1.672098 100.398430 -0.000008 3.511623 -0.009218 
52 -2.736421 0.000000 1.672098 100.059036 0.000005 3.575769 -0.002460 
53 0.518049 0.000000 1.672098 100.734769 -0.000138 2.482751 -0.015366 
54 -1.109186 0.000000 3.247954 100.148700 -0.000008 3.413647 -0.004142 
55 -0.295568 0.000000 -0.691685 97.802825 0.000101 3.514263 0.042226 
56 -1.109186 0.000000 -0.691685 99.374376 0.000044 3.899330 0.010953 
57 -0.295568 0.000000 -1.479613 99.042471 0.000127 3.101075 0.018097 
58 0.518049 0.000000 -0.691685 97.744274 0.000278 0.166892 0.044603 
59 -0.295568 0.000000 0.096243 100.748611 0.000023 7.704129 -0.020964 
60 2.145285 0.000000 1.672098 100.198243 -0.000632 1.999074 -0.004368 
61 3.772520 0.000000 1.672098 100.047134 -0.000919 1.976897 -0.001334 
62 2.145285 0.000000 3.247954 100.103733 -0.000114 3.025688 -0.002991 
63 1.331667 0.000000 -0.691685 99.362182 0.000953 -0.273827 0.012708 
64 1.331667 0.000000 -1.479613 99.433006 0.000636 1.830493 0.010973 
65 2.145285 0.000000 -0.691685 99.807687 0.002244 -0.051532 0.003842 
66 1.331667 0.000000 0.096243 100.088596 -0.000687 -2.431191 -0.002364 
67 -0.295568 0.000000 0.884171 101.701448 -0.000034 3.380020 -0.035461 
68 -1.109186 0.000000 0.884171 100.490643 0.000003 3.834459 -0.011307 
69 0.518049 0.000000 0.884171 101.783158 -0.000143 0.906753 -0.036063 
70 -0.295568 0.000000 1.672098 100.717407 -0.000053 3.147402 -0.015390 
71 0.111241 0.000000 -0.297721 92.991135 0.000078 1.368227 0.135078 
72 -0.295568 0.000000 -0.297721 97.110174 0.000059 5.297925 0.054155 
73 0.111241 0.000000 -0.691685 97.036173 0.000163 1.864266 0.058051 
74 0.518049 0.000000 -0.297721 96.835846 0.000152 -3.104216 0.061318 
75 0.111241 0.000000 0.096243 99.451382 -0.005848 1.474508 0.010725 
76 1.331667 0.000000 0.884171 100.565243 -0.000714 0.331679 -0.011348 
77 2.145285 0.000000 0.884171 100.180050 -0.001724 0.422526 -0.003622 
78 1.331667 0.000000 1.672098 100.427440 -0.000346 2.089923 -0.009004 
79 0.924858 0.000000 -0.297721 99.017840 0.000259 -2.431298 0.018956 
80 0.924858 0.000000 -0.691685 98.778642 0.000508 -0.306479 0.024269 
81 1.331667 0.000000 -0.297721 99.599904 0.000253 -1.880005 0.007632 
82 0.924858 0.000000 0.096243 100.205876 0.000120 -3.314735 -0.005221 
83 0.111241 0.000000 0.490207 104.836669 -0.000018 1.654561 -0.099346 
84 -0.295568 0.000000 0.490207 102.527036 -0.000002 4.539474 -0.053240 
85 0.518049 0.000000 0.490207 102.726822 -0.000062 -1.438404 -0.055487 
86 0.111241 0.000000 0.884171 102.250334 -0.000068 2.159762 -0.045980 
87 0.314645 0.000000 -0.100739 97.855990 -0.004072 -17.806333 0.010714 
88 0.111241 0.000000 -0.100739 97.338386 -0.005775 0.584699 0.052490 
89 0.314645 0.000000 -0.297721 94.389904 0.000106 -2.106423 0.108611 
90 0.518049 0.000000 -0.100739 97.689209 0.000091 -5.971677 0.042116 
91 0.314645 0.000000 0.096243 100.147458 -0.004105 -17.393503 -0.033205 
92 -9.245362 0.000000 -3.055469 99.930340 0.000002 3.502523 0.000166 
93 -12.499833 0.000000 -3.055469 99.935309 0.000001 3.497659 0.000070 
94 -9.245362 0.000000 -6.207181 99.927091 0.000002 3.496333 0.000235 
95 -9.245362 0.000000 0.096243 99.939511 0.000002 3.505868 -0.000020 
96 -4.363657 0.000000 -1.479613 99.900316 0.000009 3.543451 0.000737 
97 -5.990892 0.000000 -1.479613 99.922616 0.000005 3.522427 0.000306 
98 -4.363657 0.000000 -3.055469 99.886959 0.000009 3.515900 0.001023 
99 -4.363657 0.000000 0.096243 99.940838 0.000007 3.558413 -0.000083 
100 -1.922804 0.000000 -0.691685 99.756703 0.000024 3.728617 0.003470 
101 -2.736421 0.000000 -0.691685 99.863059 0.000016 3.633621 0.001417 
102 -1.922804 0.000000 -1.479613 99.694565 0.000030 3.605451 0.004799 
103 -1.922804 0.000000 0.096243 99.949355 0.000016 3.800433 -0.000432 
104 -0.702377 0.000000 -0.297721 99.046150 0.000046 4.666334 0.016809 
105 -1.109186 0.000000 -0.297721 99.577880 0.000035 4.165323 0.006690 
106 -0.702377 0.000000 -0.691685 98.836283 0.000071 3.932205 0.021593 
107 -0.702377 0.000000 0.096243 100.078537 0.000027 5.041788 -0.004113 
108 -0.092164 0.000000 -0.100739 88.944530 -0.007773 22.957501 0.156182 
109 -0.295568 0.000000 -0.100739 98.005723 0.000039 7.153983 0.034370 
110 -0.092164 0.000000 -0.297721 94.746506 0.000070 4.596819 0.100197 
111 -0.092164 0.000000 0.096243 93.274700 -0.007416 22.685072 0.078522 
112 0.924858 0.000000 0.490207 101.076289 -0.000218 -1.424031 -0.021844 
113 1.331667 0.000000 0.490207 100.455313 -0.000825 -1.118435 -0.009252 
114 0.924858 0.000000 0.884171 101.051216 -0.000334 0.408800 -0.021152 
115 0.314645 0.000000 0.293225 106.023086 0.000011 -3.305606 -0.125182 
116 0.111241 0.000000 0.293225 108.678567 0.000005 1.475180 -0.181321 
117 0.518049 0.000000 0.293225 102.762099 0.000012 -3.722391 -0.057391 
118 0.314645 0.000000 0.490207 104.124938 -0.000034 -0.488564 -0.084224 
119 0.212943 0.000000 -0.002248 98.423347 -0.005166 -7.677923 0.025389 
120 0.111241 0.000000 -0.002248 94.832220 -0.006253 1.210473 0.100538 
121 0.212943 0.000000 -0.100739 100.211161 -0.005031 -9.810076 -0.013851 
122 0.314645 0.000000 -0.002248 98.621304 -0.004159 -16.958509 -0.001375 
123 0.212943 0.000000 0.096243 102.259992 -0.005014 -8.083337 -0.052245 
124 -2.736421 0.000000 -9.358893 99.911873 0.000006 3.476303 0.000553 
125 -5.990892 0.000000 -9.358893 99.920747 0.000003 3.487846 0.000368 
126 -2.736421 0.000000 -12.510604 99.922943 0.000003 3.480121 0.000329 
127 0.518049 0.000000 -9.358893 99.908307 0.000010 3.456436 0.000638 
128 -1.109186 0.000000 -4.631325 99.826628 0.000027 3.428400 0.002289 
129 -2.736421 0.000000 -4.631325 99.861485 0.000014 3.478437 0.001558 
130 -1.109186 0.000000 -6.207181 99.872978 0.000017 3.446981 0.001351 
131 0.518049 0.000000 -4.631325 99.816754 0.000049 3.347848 0.002541 
132 -0.295568 0.000000 -2.267541 99.483507 0.000093 3.207386 0.009274 
133 -1.109186 0.000000 -2.267541 99.605014 0.000050 3.423025 0.006712 
134 -0.295568 0.000000 -3.055469 99.670637 0.000068 3.297406 0.005489 
135 0.518049 0.000000 -2.267541 99.481701 0.000178 2.909178 0.009493 
136 0.111241 0.000000 -1.085649 98.348866 0.000193 2.358358 0.032194 
137 -0.295568 0.000000 -1.085649 98.587716 0.000112 3.124704 0.027070 
138 0.111241 0.000000 -1.479613 98.949927 0.000187 2.691559 0.020167 
139 0.518049 0.000000 -1.085649 98.556277 0.000306 1.571344 0.028419 
140 0.314645 0.000000 -0.494703 96.146711 0.000167 -0.127692 0.075579 
141 0.111241 0.000000 -0.494703 95.681589 0.000131 1.590242 0.084250 
142 0.314645 0.000000 -0.691685 97.230150 0.000207 0.873376 0.054554 
143 0.518049 0.000000 -0.494703 97.210697 0.000226 -1.087986 0.054890 
144 0.212943 0.000000 -0.199230 94.582319 -0.004198 -17.189250 0.075871 
145 0.111241 0.000000 -0.199230 80.114155 -0.008262 1.740394 0.357869 
146 0.212943 0.000000 -0.297721 93.330213 0.000089 -0.608913 0.128910 
147 0.314645 0.000000 -0.199230 92.959865 -0.003661 -19.382462 0.098278 
148 0.721454 0.000000 -0.100739 99.037975 0.000058 -4.313124 0.017288 
149 0.721454 0.000000 -0.297721 98.292643 0.000210 -2.851822 0.033042 
150 0.924858 0.000000 -0.100739 99.515150 0.000171 -3.435649 0.008493 
151 0.721454 0.000000 0.096243 100.342816 0.000008 -4.309748 -0.008725 
152 0.416347 0.000000 -0.002248 96.021669 -0.003857 -19.784186 0.038843 
153 0.416347 0.000000 -0.100739 94.905365 -0.003722 -20.322230 0.057998 
154 0.518049 0.000000 -0.002248 79.138461 0.000263 -18.551139 0.339296 
155 0.416347 0.000000 0.096243 97.189005 -0.003820 -20.836426 0.012014 
156 0.263794 0.000000 -0.051494 98.903408 -0.004563 -14.417874 0.001024 
157 0.212943 0.000000 -0.051494 99.340324 -0.005262 -5.144765 0.010503 
158 0.263794 0.000000 -0.100739 98.145566 -0.004427 -15.571578 0.012497 
159 0.314645 0.000000 -0.051494 98.471874 -0.004158 -16.844283 0.001956 
160 0.263794 0.000000 -0.002248 100.043414 -0.005071 -16.932634 -0.029540 
161 0.416347 0.000000 -0.199230 95.392758 0.000091 -4.705116 0.087808 
162 0.416347 0.000000 -0.297721 95.693979 0.000127 -2.887626 0.083432 
163 0.518049 0.000000 -0.199230 96.980668 0.000115 -4.497625 0.057452 
164 0.365496 0.000000 -0.051494 96.874011 -0.003943 -18.955005 0.025613 
165 0.365496 0.000000 -0.100739 95.255424 -0.003953 -18.751851 0.057477 
166 0.416347 0.000000 -0.051494 95.968600 -0.003856 -19.743728 0.040021 
167 0.365496 0.000000 -0.002248 97.736711 -0.004011 -18.128402 0.011890 
168 -9.245362 0.000000 3.247954 99.948516 0.000001 3.502260 -0.000197 
169 -12.499833 0.000000 3.247954 99.943305 0.000001 3.497554 -0.000090 
170 -9.245362 0.000000 6.399666 99.951524 0.000001 3.496043 -0.000253 
171 -4.363657 0.000000 1.672098 99.980042 0.000004 3.541612 -0.000855 
172 -5.990892 0.000000 1.672098 99.957118 0.000003 3.521755 -0.000383 
173 -4.363657 0.000000 3.247954 99.991785 0.000002 3.514247 -0.001071 
174 -1.922804 0.000000 0.884171 100.128270 0.000007 3.711873 -0.003945 
175 -2.736421 0.000000 0.884171 100.020774 0.000009 3.627857 -0.001732 
176 -1.922804 0.000000 1.672098 100.169562 0.000003 3.584988 -0.004679 
177 -0.702377 0.000000 0.490207 100.901676 0.000010 4.444289 -0.020090 
178 -1.109186 0.000000 0.490207 100.347426 0.000012 4.100719 -0.008642 
179 -0.702377 0.000000 0.884171 100.952503 -0.000013 3.807808 -0.020591 
180 -0.092164 0.000000 0.293225 105.577694 0.000004 5.933941 -0.118186 
181 -0.295568 0.000000 0.293225 102.455039 0.000011 6.028088 -0.053337 
182 -0.092164 0.000000 0.490207 103.959001 -0.000013 3.715041 -0.082128 
183 0.212943 0.000000 0.194734 106.229921 -0.004930 -13.981402 -0.148028 
184 0.111241 0.000000 0.194734 109.279666 -0.005948 7.562984 -0.199924 
185 0.314645 0.000000 0.194734 97.858729 -0.003911 -20.911600 -0.001363 
186 0.212943 0.000000 0.293225 107.914811 0.000007 -1.500046 -0.164786 
187 0.263794 0.000000 0.046997 100.641959 -0.004570 -13.408076 -0.030858 
188 0.212943 0.000000 0.046997 100.955195 -0.005238 -5.910539 -0.022689 
189 0.314645 0.000000 0.046997 98.981787 -0.004187 -16.895272 -0.008284 
190 0.263794 0.000000 0.096243 100.561887 -0.004442 -14.781555 -0.033119 
191 0.289219 0.000000 -0.026871 99.292037 -0.004337 -15.410136 -0.009638 
192 0.263794 0.000000 -0.026871 100.047807 -0.004546 -13.528412 -0.019258 
193 0.289219 0.000000 -0.051494 98.034178 -0.004354 -16.043756 0.013190 
194 0.314645 0.000000 -0.026871 98.513725 -0.004154 -16.920708 0.000874 
195 0.289219 0.000000 -0.002248 101.684871 -0.005241 -23.929160 -0.091242 
196 0.721454 0.000000 0.293225 101.353885 -0.000070 -3.009768 -0.028167 
197 0.924858 0.000000 0.293225 100.784965 -0.000141 -2.431740 -0.016352 
198 0.721454 0.000000 0.490207 101.678780 -0.000114 -1.549713 -0.034098 
199 0.416347 0.000000 0.194734 103.864508 0.000041 -6.091134 -0.082494 
200 0.518049 0.000000 0.194734 102.205381 0.000050 -5.177490 -0.047275 
201 0.416347 0.000000 0.293225 104.132041 0.000013 -3.854954 -0.085834 
202 0.365496 0.000000 0.046997 98.735596 -0.003968 -18.831583 -0.010335 
203 0.416347 0.000000 0.046997 96.157778 -0.003877 -19.806674 0.036138 
204 0.365496 0.000000 0.096243 97.448558 -0.004005 -18.993486 0.014303 
205 0.340070 0.000000 -0.026871 97.724517 -0.004024 -18.076946 0.012314 
206 0.340070 0.000000 -0.051494 97.695355 -0.004027 -18.021627 0.013084 
207 0.365496 0.000000 -0.026871 96.222117 -0.004012 -18.252271 0.040816 
208 0.340070 0.000000 -0.002248 97.809457 -0.004028 -18.109779 0.010535 
209 0.289219 0.000000 0.022374 99.613703 -0.004352 -15.425774 -0.016084 
210 0.263794 0.000000 0.022374 102.770208 -0.004706 -16.157011 -0.082276 
211 0.314645 0.000000 0.022374 98.785626 -0.004170 -16.949061 -0.004587 
212 0.289219 0.000000 0.046997 99.831480 -0.004368 -15.335021 -0.020149 
213 0.301932 0.000000 -0.014560 89.330610 -0.002072 -18.369242 0.168261 
214 0.289219 0.000000 -0.014560 98.111985 -0.004797 -17.285200 0.007526 
215 0.301932 0.000000 -0.026871 98.010037 -0.004323 -16.233858 0.013049 
216 0.314645 0.000000 -0.014560 98.559389 -0.004155 -16.945218 -0.000109 
217 0.301932 0.000000 -0.002248 96.314983 -0.003238 -19.917329 0.032672 
218 0.009538 0.000000 -0.002248 81.752439 -0.009555 -1.838810 0.331316 
219 -0.092164 0.000000 -0.002248 93.797336 -0.007286 20.102849 0.079794 
220 0.009538 0.000000 -0.100739 95.964658 -0.006890 14.000611 0.059477 
221 0.009538 0.000000 0.096243 97.894618 -0.006733 14.584753 0.020393 
222 0.162092 0.000000 -0.051494 98.077617 -0.005553 -1.895658 0.037719 
223 0.111241 0.000000 -0.051494 97.724414 -0.005799 0.924025 0.044909 
224 0.162092 0.000000 -0.100739 97.654700 -0.005566 -1.724759 0.046058 
225 0.162092 0.000000 -0.002248 96.207372 -0.005399 -3.007293 0.073510 
226 0.238368 0.000000 -0.026871 98.555257 -0.004927 -10.420153 0.017828 
227 0.212943 0.000000 -0.026871 96.981665 -0.005293 -4.566004 0.057371 
228 0.238368 0.000000 -0.051494 100.613489 -0.004769 -11.161678 -0.024766 
229 0.238368 0.000000 -0.002248 99.335143 -0.005024 -12.194959 -0.001619 
230 0.276507 0.000000 -0.014560 98.052208 -0.004915 -15.903467 0.013284 
231 0.263794 0.000000 -0.014560 97.707178 -0.004839 -13.638540 0.026730 
232 0.276507 0.000000 -0.026871 98.872698 -0.004523 -14.703024 0.000801 
233 0.276507 0.000000 -0.002248 102.088994 -0.005358 -21.843665 -0.089931 
234 0.162092 0.000000 0.046997 104.037681 -0.005278 -3.808279 -0.083834 
235 0.111241 0.000000 0.046997 105.175060 -0.005429 0.371629 -0.106193 
236 0.162092 0.000000 0.096243 99.138025 -0.005522 -1.516793 0.016935 
237 0.009538 0.000000 0.194734 97.641241 -0.007104 20.223968 0.005718 
238 -0.092164 0.000000 0.194734 90.095944 -0.005930 54.645429 -0.110340 
239 0.009538 0.000000 0.293225 107.633905 0.000001 4.369830 -0.160415 
240 0.060389 0.000000 0.046997 103.638981 -0.006157 8.963195 -0.082138 
241 0.009538 0.000000 0.046997 97.612674 -0.006687 13.134735 0.029924 
242 0.060389 0.000000 -0.002248 91.527192 -0.007772 7.163202 0.157146 
243 0.060389 0.000000 0.096243 99.482386 -0.006427 9.292404 0.001691 
244 0.136666 0.000000 0.022374 110.454982 -0.005012 -4.583693 -0.222131 
245 0.111241 0.000000 0.022374 104.718884 -0.005536 0.343240 -0.096616 
246 0.136666 0.000000 -0.002248 91.980352 -0.005756 -1.087697 0.153843 
247 0.162092 0.000000 0.022374 105.263324 -0.005114 -5.687116 -0.111271 
248 0.136666 0.000000 0.046997 102.955336 -0.005434 -1.514412 -0.060209 
249 -0.092164 0.000000 -0.494703 96.279854 0.000106 3.241159 0.071968 
250 -0.295568 0.000000 -0.494703 97.363232 0.000084 4.088367 0.050369 
251 -0.092164 0.000000 -0.691685 97.258460 0.000118 2.850538 0.053267 
252 0.009538 0.000000 -0.199230 80.729626 -0.008466 21.002280 0.304163 
253 -0.092164 0.000000 -0.199230 93.820934 0.000047 6.221023 0.115893 
254 0.009538 0.000000 -0.297721 93.552885 0.000074 3.277745 0.123711 
255 0.060389 0.000000 -0.051494 97.861618 -0.006528 7.738603 0.036322 
256 0.009538 0.000000 -0.051494 95.564562 -0.006850 13.898519 0.067425 
257 0.060389 0.000000 -0.100739 97.513573 -0.006571 8.868406 0.041245 
258 0.085815 0.000000 0.022374 104.869639 -0.005942 4.521461 -0.101808 
259 0.060389 0.000000 0.022374 111.391221 -0.005702 12.813407 -0.257219 
260 0.085815 0.000000 -0.002248 92.848038 -0.006939 3.305219 0.136832 
261 0.085815 0.000000 0.046997 106.551685 -0.005790 4.935835 -0.137762 
262 -0.498973 0.000000 -0.100739 99.095507 0.000039 5.731829 0.014723 
263 -0.702377 0.000000 -0.100739 99.486852 0.000036 4.976751 0.007760 
264 -0.498973 0.000000 -0.297721 98.403531 0.000053 5.030490 0.029144 
265 -0.498973 0.000000 0.096243 100.237117 0.000025 5.891734 -0.008219 
266 -0.193866 0.000000 -0.002248 72.805585 -0.007937 29.853353 0.380812 
267 -0.295568 0.000000 -0.002248 99.264937 0.000030 7.793933 0.008573 
268 -0.193866 0.000000 -0.100739 96.574056 0.000033 8.342101 0.060386 
269 -0.193866 0.000000 0.096243 101.575186 0.000016 9.624665 -0.041015 
270 -0.041313 0.000000 -0.051494 94.691151 -0.007109 17.316605 0.073372 
271 -0.092164 0.000000 -0.051494 92.006815 -0.007517 22.310676 0.103698 
272 -0.041313 0.000000 -0.100739 93.696883 -0.007328 19.239439 0.085074 
273 -0.041313 0.000000 -0.002248 94.981159 -0.007081 17.720039 0.066458 
274 0.034964 0.000000 -0.026871 97.362374 -0.006646 10.545092 0.040937 
275 0.009538 0.000000 -0.026871 96.561596 -0.006778 12.959936 0.050790 
276 0.034964 0.000000 -0.051494 97.179618 -0.006650 10.259766 0.045086 
277 0.060389 0.000000 -0.026871 98.087887 -0.006521 7.981549 0.031506 
278 0.034964 0.000000 -0.002248 86.839035 -0.008966 7.132963 0.240810 
279 -0.041313 0.000000 0.046997 95.674105 -0.007023 17.765365 0.053086 
280 -0.092164 0.000000 0.046997 95.074495 -0.007253 21.226492 0.051028 
281 -0.041313 0.000000 0.096243 97.088448 -0.007025 18.309538 0.023859 
282 -0.015887 0.000000 -0.026871 95.710180 -0.006924 15.261850 0.060664 
283 -0.041313 0.000000 -0.026871 94.774394 -0.007100 17.547274 0.070991 
284 -0.015887 0.000000 -0.051494 95.609331 -0.006930 14.988098 0.063421 
285 -0.015887 0.000000 -0.002248 95.946753 -0.006905 15.457932 0.055527 
286 0.034964 0.000000 0.022374 112.424013 -0.005694 21.496797 -0.310127 
287 0.009538 0.000000 0.022374 103.597980 -0.006255 23.163886 -0.126911 
288 0.034964 0.000000 0.046997 98.424932 -0.006556 10.693906 0.019817 
289 0.022251 0.000000 -0.014560 90.940074 -0.008124 9.038167 0.164821 
290 0.009538 0.000000 -0.014560 96.680661 -0.006770 13.077631 0.048183 
291 0.022251 0.000000 -0.026871 96.812384 -0.006757 12.619807 0.046810 
292 0.034964 0.000000 -0.014560 91.960132 -0.007814 8.914386 0.146387 
293 0.022251 0.000000 -0.002248 87.657513 -0.008906 6.659846 0.227181 
294 -0.015887 0.000000 0.022374 96.298092 -0.006875 15.529507 0.048551 
295 -0.041313 0.000000 0.022374 95.297035 -0.007054 17.797960 0.060171 
296 -0.015887 0.000000 0.046997 96.704034 -0.006838 15.459153 0.040934 
297 0.022251 0.000000 0.010063 111.006894 -0.005764 29.668822 -0.320277 
298 0.009538 0.000000 0.010063 107.252074 -0.005760 43.770524 -0.341887 
299 0.034964 0.000000 0.010063 103.926927 -0.006769 16.985442 -0.108931 
300 0.022251 0.000000 0.022374 110.441761 -0.005819 27.216417 -0.293812 
301 0.187517 0.000000 0.022374 102.761680 -0.005128 -6.938604 -0.060811 
302 0.187517 0.000000 -0.002248 98.865626 -0.005208 -5.576452 0.019449 
303 0.212943 0.000000 0.022374 103.716606 -0.005112 -9.515356 -0.084768 
304 0.187517 0.000000 0.046997 101.496051 -0.005298 -4.375277 -0.032059 
305 0.187517 0.000000 -0.026871 96.100287 -0.005384 -3.340784 0.075357 
306 0.162092 0.000000 -0.026871 96.971352 -0.005514 -1.980925 0.059263 
307 0.187517 0.000000 -0.051494 98.110765 -0.005434 -3.217348 0.036393 
308 0.174804 0.000000 0.010063 100.650845 -0.005173 -5.669588 -0.016274 
309 0.162092 0.000000 0.010063 100.846833 -0.005258 -4.170726 -0.018748 
310 0.174804 0.000000 -0.002248 94.479531 -0.005277 -3.553265 0.106099 
311 0.187517 0.000000 0.010063 101.011944 -0.005155 -6.477771 -0.024537 
312 0.174804 0.000000 0.022374 108.544508 -0.004941 -8.356038 -0.185173 
313 0.238368 0.000000 0.022374 103.256899 -0.004924 -12.430384 -0.081650 
314 0.238368 0.000000 0.046997 101.373286 -0.004778 -11.136672 -0.040057 
315 0.225656 0.000000 0.010063 104.539640 -0.005002 -12.933237 -0.109581 
316 0.212943 0.000000 0.010063 101.352998 -0.005120 -9.079897 -0.035487 
317 0.225656 0.000000 -0.002248 99.158084 -0.005035 -9.804214 0.007155 
318 0.238368 0.000000 0.010063 105.616176 -0.004987 -15.717838 -0.140183 
319 0.225656 0.000000 0.022374 105.038518 -0.004996 -11.776599 -0.117178 
320 10.281461 0.000000 -3.055469 99.946939 0.000309 3.024287 0.000146 
321 10.281461 0.000000 -6.207181 99.932696 0.000056 3.354078 0.000221 
322 13.535932 0.000000 -3.055469 99.950293 0.000286 3.054986 0.000061 
323 10.281461 0.000000 0.096243 100.112408 -0.000078 -1.506744 -0.002476 
324 5.399755 0.000000 -1.479613 99.960868 0.001397 1.962291 0.000397 
325 5.399755 0.000000 -3.055469 99.915594 0.000332 2.967514 0.000807 
326 7.026991 0.000000 -1.479613 99.974311 0.001333 2.046039 0.000095 
327 5.399755 0.000000 0.096243 100.122038 -0.003555 -1.922902 -0.002812 
328 2.958902 0.000000 -0.691685 99.945383 0.002787 0.114965 0.001091 
329 2.958902 0.000000 -1.479613 99.852800 0.001341 1.807235 0.002615 
330 3.772520 0.000000 -0.691685 99.996148 0.002877 0.241604 0.000071 
331 2.958902 0.000000 0.096243 100.092336 -0.003459 -1.923695 -0.002218 
332 1.738476 0.000000 -0.297721 99.825083 0.000289 -1.570176 0.003249 
333 1.738476 0.000000 -0.691685 99.654111 0.001633 -0.158746 0.006903 
334 2.145285 0.000000 -0.297721 99.929848 0.001231 -1.379425 0.001212 
335 1.738476 0.000000 0.096243 100.041109 -0.003261 -2.117742 -0.001271 
336 10.281461 0.000000 3.247954 99.965073 -0.000227 2.925033 -0.000157 
337 13.535932 0.000000 3.247954 99.962806 -0.000252 2.890286 -0.000092 
338 10.281461 0.000000 6.399666 99.953882 -0.000022 3.339179 -0.000193 
339 5.399755 0.000000 1.672098 100.014070 -0.001011 1.936053 -0.000656 
340 7.026991 0.000000 1.672098 100.005001 -0.001083 1.875265 -0.000452 
341 5.399755 0.000000 3.247954 99.991114 -0.000191 2.963335 -0.000700 
342 2.958902 0.000000 0.884171 100.095351 -0.002216 0.459393 -0.001929 
343 3.772520 0.000000 0.884171 100.070692 -0.002378 0.435821 -0.001433 
344 2.958902 0.000000 1.672098 100.093090 -0.000845 1.986623 -0.002257 
345 1.738476 0.000000 0.490207 100.207733 -0.001949 -0.922004 -0.004244 
346 2.145285 0.000000 0.490207 100.125684 -0.002736 -0.816835 -0.002582 
347 1.738476 0.000000 0.884171 100.304459 -0.001245 0.372779 -0.006112 
348 1.535071 0.000000 -0.100739 99.892702 -0.002144 -2.400919 0.001568 
349 1.331667 0.000000 -0.100739 99.830009 -0.000338 -2.594144 0.002724 
350 1.535071 0.000000 -0.297721 99.735972 0.000184 -1.705200 0.004983 
351 1.738476 0.000000 -0.100739 99.943804 -0.003682 -2.263615 0.000611 
352 1.535071 0.000000 0.096243 100.043914 -0.002045 -2.238829 -0.001380 
353 1.128263 0.000000 -0.100739 99.725120 0.000003 -2.910476 0.004643 
354 1.128263 0.000000 -0.297721 99.393979 0.000324 -2.103721 0.011641 
355 1.128263 0.000000 0.096243 100.139327 -0.000087 -2.757814 -0.003549 
356 1.128263 0.000000 0.293225 100.506873 -0.000276 -2.062127 -0.010588 
357 1.331667 0.000000 0.293225 100.299846 -0.000796 -1.832509 -0.006342 
358 1.128263 0.000000 0.490207 100.697545 -0.000434 -1.251908 -0.014156 
359 1.229965 0.000000 -0.002248 99.942405 -0.000300 -2.777987 0.000380 
360 1.128263 0.000000 -0.002248 99.929386 -0.000038 -2.972784 0.000528 
361 1.229965 0.000000 -0.100739 99.781124 -0.000187 -2.727387 0.003629 
362 1.331667 0.000000 -0.002248 99.959124 -0.000625 -2.635629 0.000123 
363 1.229965 0.000000 0.096243 100.106384 -0.000361 -2.569531 -0.002789 
364 1.026560 0.000000 -0.002248 99.902740 0.000098 -3.248890 0.000889 
365 0.924858 0.000000 -0.002248 99.854160 0.000157 -3.550159 0.001654 
366 1.026560 0.000000 -0.100739 99.637014 0.000123 -3.166069 0.006244 
367 1.026560 0.000000 0.096243 100.175559 0.000057 -3.024879 -0.004429 
368 3.772520 0.000000 -9.358893 99.914563 0.000015 3.438403 0.000526 
369 3.772520 0.000000 -12.510604 99.923956 0.000007 3.463359 0.000321 
370 7.026991 0.000000 -9.358893 99.923932 0.000018 3.429913 0.000344 
371 2.145285 0.000000 -4.631325 99.844830 0.000079 3.279832 0.002025 
372 2.145285 0.000000 -6.207181 99.879795 0.000036 3.380307 0.001260 
373 3.772520 0.000000 -4.631325 99.881777 0.000103 3.249656 0.001307 
374 1.331667 0.000000 -2.267541 99.602745 0.000334 2.691281 0.007205 
375 1.331667 0.000000 -3.055469 99.717420 0.000170 3.049397 0.004714 
376 2.145285 0.000000 -2.267541 99.737952 0.000491 2.603852 0.004556 
377 0.924858 0.000000 -1.085649 98.987919 0.000523 1.132532 0.020011 
378 0.924858 0.000000 -1.479613 99.225488 0.000427 1.982515 0.015037 
379 1.331667 0.000000 -1.085649 99.353326 0.000860 0.989719 0.012794 
380 1.128263 0.000000 -0.494703 99.191622 0.000549 -1.179172 0.015963 
381 0.924858 0.000000 -0.494703 98.781623 0.000405 -1.322328 0.024044 
382 1.128263 0.000000 -0.691685 99.120830 0.000695 -0.314222 0.017496 
383 1.331667 0.000000 -0.494703 99.443980 0.000779 -1.050113 0.010979 
384 1.229965 0.000000 -0.199230 99.640625 0.000105 -2.407495 0.006595 
385 1.128263 0.000000 -0.199230 99.542383 0.000117 -2.557770 0.008477 
386 1.229965 0.000000 -0.297721 99.506823 0.000260 -1.988789 0.009444 
387 1.331667 0.000000 -0.199230 99.704257 -0.000156 -2.291851 0.005381 
388 1.179114 0.000000 -0.051494 99.845516 -0.000127 -2.880900 0.002257 
389 1.128263 0.000000 -0.051494 99.824505 -0.000015 -2.983996 0.002616 
390 1.179114 0.000000 -0.100739 99.755879 -0.000080 -2.811016 0.004086 
391 1.229965 0.000000 -0.051494 99.860472 -0.000254 -2.793533 0.002008 
392 1.179114 0.000000 -0.002248 99.938309 -0.000160 -2.867322 0.000411 
393 1.026560 0.000000 -0.199230 99.408757 0.000178 -2.772281 0.011021 
394 0.924858 0.000000 -0.199230 99.229721 0.000207 -2.997116 0.014448 
395 1.026560 0.000000 -0.297721 99.227199 0.000300 -2.273921 0.014879 
396 1.179114 0.000000 -0.149985 99.671010 -0.000012 -2.667594 0.005857 
397 1.128263 0.000000 -0.149985 99.630654 0.000052 -2.756310 0.006614 
398 1.179114 0.000000 -0.199230 99.596845 0.000160 -2.480285 0.007432 
399 1.229965 0.000000 -0.149985 99.705620 -0.000096 -2.588785 0.005209 
400 1.535071 0.000000 0.293225 100.186862 -0.001638 -1.665300 -0.004018 
401 1.738476 0.000000 0.293225 100.128872 -0.002468 -1.553859 -0.002821 
402 1.535071 0.000000 0.490207 100.300497 -0.001375 -1.007726 -0.006121 
403 1.433369 0.000000 -0.002248 99.956614 -0.001410 -2.530909 0.000227 
404 1.433369 0.000000 -0.100739 99.859156 -0.001162 -2.491285 0.002194 
405 1.535071 0.000000 -0.002248 99.968953 -0.002403 -2.441562 0.000025 
406 1.433369 0.000000 0.096243 100.054687 -0.001333 -2.327826 -0.001636 
407 1.280816 0.000000 -0.051494 99.875512 -0.000439 -2.717031 0.001750 
408 1.280816 0.000000 -0.100739 99.811579 -0.000231 -2.659737 0.003057 
409 1.331667 0.000000 -0.051494 99.894304 -0.000554 -2.653843 0.001409 
410 1.280816 0.000000 -0.002248 99.943136 -0.000474 -2.697373 0.000409 
411 1.204539 0.000000 -0.076117 99.810681 -0.000161 -2.812131 0.002992 
412 1.179114 0.000000 -0.076117 99.800184 -0.000106 -2.856325 0.003176 
413 1.204539 0.000000 -0.100739 99.768974 -0.000130 -2.767900 0.003849 
414 1.229965 0.000000 -0.076117 99.820381 -0.000224 -2.770653 0.002821 
415 1.204539 0.000000 -0.051494 99.853332 -0.000186 -2.835739 0.002127 
416 1.738476 0.000000 -1.085649 99.592931 0.001274 0.979666 0.008029 
417 1.738476 0.000000 -1.479613 99.599139 0.000873 1.773863 0.007686 
418 2.145285 0.000000 -1.085649 99.737221 0.001643 1.008421 0.005147 
419 1.535071 0.000000 -0.494703 99.610838 0.001119 -0.935849 0.007681 
420 1.535071 0.000000 -0.691685 99.532500 0.001279 -0.217515 0.009323 
421 1.738476 0.000000 -0.494703 99.724436 0.001532 -0.838459 0.005433 
422 1.433369 0.000000 -0.199230 99.763786 -0.000470 -2.186080 0.004241 
423 1.433369 0.000000 -0.297721 99.674939 0.000223 -1.786669 0.006171 
424 1.535071 0.000000 -0.199230 99.813132 -0.000928 -2.096565 0.003294 
425 1.280816 0.000000 -0.149985 99.742871 -0.000118 -2.522186 0.004500 
426 1.280816 0.000000 -0.199230 99.677839 0.000030 -2.340085 0.005885 
427 1.331667 0.000000 -0.149985 99.767734 -0.000357 -2.459601 0.004035 
428 1.255390 0.000000 -0.076117 99.829458 -0.000297 -2.731720 0.002662 
429 1.255390 0.000000 -0.100739 99.792510 -0.000254 -2.689313 0.003422 
430 1.280816 0.000000 -0.076117 99.839932 -0.000398 -2.695481 0.002472 
431 1.255390 0.000000 -0.051494 99.867148 -0.000332 -2.753884 0.001897 
432 1.229965 0.000000 0.194734 100.257856 -0.000426 -2.264939 -0.005677 
433 1.128263 0.000000 0.194734 100.333996 -0.000183 -2.426834 -0.007280 
434 1.331667 0.000000 0.194734 100.205916 -0.000707 -2.139520 -0.004580 
435 1.229965 0.000000 0.293225 100.402648 -0.000478 -1.930337 -0.008442 
436 1.179114 0.000000 0.046997 100.031961 -0.000187 -2.783869 -0.001414 
437 1.128263 0.000000 0.046997 100.035345 -0.000059 -2.888901 -0.001542 
438 1.229965 0.000000 0.046997 100.025073 -0.000332 -2.694853 -0.001228 
439 1.179114 0.000000 0.096243 100.123916 -0.000217 -2.655962 -0.003185 
440 1.204539 0.000000 -0.026871 99.896678 -0.000208 -2.838447 0.001260 
441 1.179114 0.000000 -0.026871 99.891648 -0.000145 -2.884190 0.001334 
442 1.229965 0.000000 -0.026871 99.901220 -0.000279 -2.795575 0.001193 
443 1.204539 0.000000 -0.002248 99.940521 -0.000225 -2.821203 0.000393 
444 1.217252 0.000000 -0.063805 99.836110 -0.000206 -2.805339 0.002488 
445 1.204539 0.000000 -0.063805 99.831906 -0.000174 -2.826629 0.002560 
446 1.217252 0.000000 -0.076117 99.815620 -0.000191 -2.791063 0.002905 
447 1.229965 0.000000 -0.063805 99.840332 -0.000240 -2.784709 0.002415 
448 1.217252 0.000000 -0.051494 99.856885 -0.000219 -2.814255 0.002068 
449 -9.245362 0.000000 -9.358893 99.928033 0.000002 3.491936 0.000219 
450 -12.499833 0.000000 -9.358893 99.932475 0.000001 3.492792 0.000130 
451 -9.245362 0.000000 -12.510604 99.930103 0.000001 3.489716 0.000180 
452 10.281461 0.000000 -9.358893 99.930789 0.000019 3.428069 0.000209 
453 10.281461 0.000000 -12.510604 99.931591 0.000009 3.455826 0.000173 
454 13.535932 0.000000 -9.358893 99.934833 0.000020 3.428829 0.000127 
455 -4.363657 0.000000 -4.631325 99.891994 0.000008 3.497071 0.000936 
456 -5.990892 0.000000 -4.631325 99.910965 0.000005 3.501295 0.000554 
457 -4.363657 0.000000 -6.207181 99.901387 0.000007 3.487999 0.000755 
458 5.399755 0.000000 -4.631325 99.907899 0.000115 3.243793 0.000789 
459 5.399755 0.000000 -6.207181 99.910374 0.000051 3.352471 0.000668 
460 7.026991 0.000000 -4.631325 99.923178 0.000118 3.247177 0.000481 
461 -1.922804 0.000000 -2.267541 99.730707 0.000030 3.512724 0.004145 
462 -2.736421 0.000000 -2.267541 99.814414 0.000019 3.535232 0.002458 
463 -1.922804 0.000000 -3.055469 99.776679 0.000027 3.474840 0.003254 
464 2.958902 0.000000 -2.267541 99.828571 0.000582 2.588401 0.002756 
465 2.958902 0.000000 -3.055469 99.835430 0.000281 2.958967 0.002413 
466 3.772520 0.000000 -2.267541 99.882554 0.000633 2.601909 0.001671 
467 -0.702377 0.000000 -1.085649 99.019220 0.000083 3.537243 0.018268 
468 -1.109186 0.000000 -1.085649 99.365603 0.000050 3.667423 0.011303 
469 -0.702377 0.000000 -1.479613 99.239599 0.000076 3.382405 0.014006 
470 0.721454 0.000000 -0.494703 98.157114 0.000305 -1.354144 0.036335 
471 0.721454 0.000000 -0.691685 98.292488 0.000378 -0.196684 0.033855 
472 -0.498973 0.000000 -0.494703 98.246489 0.000066 4.328596 0.032889 
473 -0.702377 0.000000 -0.494703 98.857462 0.000056 4.259994 0.020905 
474 -0.498973 0.000000 -0.691685 98.386417 0.000078 3.828212 0.030546 
475 -0.193866 0.000000 -0.199230 95.934592 0.000048 6.520182 0.075404 
476 -0.295568 0.000000 -0.199230 97.317794 0.000048 6.194831 0.049087 
477 -0.193866 0.000000 -0.297721 96.046888 0.000062 5.191489 0.074804 
478 -0.498973 0.000000 0.293225 101.159665 0.000012 5.353277 -0.026194 
479 -0.702377 0.000000 0.293225 100.602353 0.000017 4.820709 -0.014407 
480 -0.498973 0.000000 0.490207 101.513491 0.000005 4.619545 -0.032633 
481 -0.193866 0.000000 0.194734 103.276263 0.000013 7.926838 -0.072882 
482 -0.295568 0.000000 0.194734 101.881252 0.000017 6.968968 -0.042836 
483 -0.193866 0.000000 0.293225 103.722490 0.000008 6.257580 -0.079751 
484 0.340070 0.000000 0.022374 97.943764 -0.004040 -18.114276 0.007889 
485 0.365496 0.000000 0.022374 97.851455 -0.004021 -18.131224 0.009635 
486 0.340070 0.000000 0.046997 98.107676 -0.004056 -18.091181 0.004759 
487 0.136666 0.000000 -0.026871 96.702995 -0.005705 -0.491644 0.064829 
488 0.111241 0.000000 -0.026871 96.410363 -0.006001 1.137130 0.070375 
489 0.136666 0.000000 -0.051494 97.949837 -0.005676 -0.495585 0.040558 
490 0.085815 0.000000 -0.026871 98.061261 -0.006052 2.985756 0.037507 
491 0.085815 0.000000 -0.051494 98.331431 -0.006280 3.819807 0.031634 
492 0.200230 0.000000 0.010063 102.549481 -0.005064 -8.419913 -0.058729 
493 0.200230 0.000000 -0.002248 93.115585 -0.005194 -5.257087 0.130185 
494 0.200230 0.000000 0.022374 106.775656 -0.004996 -10.170668 -0.150448 
495 1.026560 0.000000 0.194734 100.422116 -0.000025 -2.654246 -0.009165 
496 0.924858 0.000000 0.194734 100.525115 0.000044 -2.908335 -0.011376 
497 1.026560 0.000000 0.293225 100.627088 -0.000141 -2.241831 -0.013084 
498 1.280816 0.000000 0.046997 100.015702 -0.000518 -2.614446 -0.000998 
499 1.331667 0.000000 0.046997 100.024323 -0.000663 -2.552919 -0.001138 
500 1.280816 0.000000 0.096243 100.093273 -0.000560 -2.493792 -0.002488 
501 1.433369 0.000000 0.194734 100.149197 -0.001251 -2.045684 -0.003405 
502 1.535071 0.000000 0.194734 100.117750 -0.001800 -1.961321 -0.002741 
503 1.433369 0.000000 0.293225 100.234908 -0.001191 -1.740870 -0.005007 
504 1.255390 0.000000 -0.026871 99.905428 -0.000361 -2.755393 0.001131 
505 1.280816 0.000000 -0.026871 99.907005 -0.000445 -2.715573 0.001122 
506 1.255390 0.000000 -0.002248 99.944104 -0.000384 -2.737493 0.000368 
1 19 21 9 22 
2 20 19 22 4 
3 28 29 3 30 
4 21 28 30 9 
5 35 37 21 38 
6 36 35 38 19 
7 44 45 28 46 
8 37 44 46 21 
9 51 53 37 54 
10 52 51 54 35 
11 60 61 44 62 
12 53 60 62 37 
13 67 69 53 70 
14 68 67 70 51 
15 76 77 60 78 
16 69 76 78 53 
17 83 85 69 86 
18 84 83 86 67 
19 11 94 92 93 
20 94 10 24 92 
21 92 24 14 95 
22 93 92 95 6 
23 24 98 96 97 
24 98 23 40 96 
25 96 40 27 99 
26 97 96 99 14 
27 40 102 100 101 
28 102 39 56 100 
29 100 56 43 103 
30 101 100 103 27 
31 56 106 104 105 
32 105 104 107 43 
33 112 113 76 114 
34 85 112 114 69 
35 115 117 85 118 
36 116 115 118 83 
37 12 126 124 125 
38 126 7 127 124 
39 124 127 13 25 
40 125 124 25 10 
41 25 130 128 129 
42 130 13 131 128 
43 128 131 26 41 
44 129 128 41 23 
45 41 134 132 133 
46 134 26 135 132 
47 132 135 42 57 
48 133 132 57 39 
49 57 138 136 137 
50 138 42 139 136 
51 136 139 58 73 
52 137 136 73 55 
53 73 142 140 141 
54 142 58 143 140 
55 140 143 74 89 
56 141 140 89 71 
57 71 146 144 145 
58 146 89 147 144 
59 144 147 87 121 
60 145 144 121 88 
61 74 149 148 90 
62 149 79 150 148 
63 148 150 82 151 
64 90 148 151 5 
65 153 90 154 152 
66 152 154 5 155 
67 121 158 156 157 
68 158 87 159 156 
69 89 162 161 147 
70 162 74 163 161 
71 161 163 90 153 
72 147 161 153 87 
73 87 165 164 159 
74 165 153 166 164 
75 164 166 152 167 
76 6 95 168 169 
77 95 14 36 168 
78 168 36 19 170 
79 169 168 170 20 
80 14 99 171 172 
81 99 27 52 171 
82 171 52 35 173 
83 172 171 173 36 
84 27 103 174 175 
85 103 43 68 174 
86 174 68 51 176 
87 175 174 176 52 
88 43 107 177 178 
89 177 84 67 179 
90 178 177 179 68 
91 180 116 83 182 
92 181 180 182 84 
93 75 123 183 184 
94 123 91 185 183 
95 183 185 115 186 
96 184 183 186 116 
97 187 189 91 190 
98 188 187 190 123 
99 156 193 191 192 
100 193 159 194 191 
101 5 151 196 117 
102 151 82 197 196 
103 196 197 112 198 
104 117 196 198 85 
105 91 155 199 185 
106 155 5 200 199 
107 199 200 117 201 
108 185 199 201 115 
109 167 152 203 202 
110 202 203 155 204 
111 189 202 204 91 
112 159 206 205 194 
113 206 164 207 205 
114 205 207 167 208 
115 194 205 208 122 
116 160 195 209 210 
117 195 122 211 209 
118 209 211 189 212 
119 210 209 212 187 
120 191 215 213 214 
121 215 194 216 213 
122 213 216 122 217 
123 214 213 217 195 
124 88 224 222 223 
125 224 121 157 222 
126 157 228 226 227 
127 228 156 192 226 
128 226 192 160 229 
129 227 226 229 119 
130 192 232 230 231 
131 232 191 214 230 
132 230 214 195 233 
133 231 230 233 160 
134 234 188 123 236 
135 235 234 236 75 
136 111 221 237 238 
137 221 75 184 237 
138 237 184 116 239 
139 238 237 239 180 
140 240 235 75 243 
141 241 240 243 221 
142 120 246 244 245 
143 246 225 247 244 
144 244 247 234 248 
145 245 244 248 235 
146 55 251 249 250 
147 251 73 141 249 
148 249 141 71 110 
149 250 249 110 72 
150 110 254 252 253 
151 254 71 145 252 
152 252 145 88 220 
153 253 252 220 108 
154 220 257 255 256 
155 257 88 223 255 
156 242 260 258 259 
157 260 120 245 258 
158 258 245 235 261 
159 259 258 261 240 
160 104 264 262 263 
161 264 72 109 262 
162 262 109 59 265 
163 263 262 265 107 
164 109 268 266 267 
165 268 108 219 266 
166 266 219 111 269 
167 267 266 269 59 
168 108 272 270 271 
169 272 220 256 270 
170 271 270 273 219 
171 256 276 274 275 
172 276 255 277 274 
173 274 277 242 278 
174 219 273 279 280 
175 279 241 221 281 
176 280 279 281 111 
177 270 284 282 283 
178 284 256 275 282 
179 282 275 218 285 
180 283 282 285 273 
181 278 242 259 286 
182 286 259 240 288 
183 287 286 288 241 
184 275 291 289 290 
185 291 274 292 289 
186 289 292 278 293 
187 290 289 293 218 
188 273 285 294 295 
189 285 218 287 294 
190 294 287 241 296 
191 295 294 296 279 
192 218 293 297 298 
193 293 278 299 297 
194 297 299 286 300 
195 298 297 300 287 
196 301 303 188 304 
197 247 301 304 234 
198 222 307 305 306 
199 307 157 227 305 
200 305 227 119 302 
201 306 305 302 225 
202 225 310 308 309 
203 310 302 311 308 
204 308 311 301 312 
205 309 308 312 247 
206 229 160 210 313 
207 313 210 187 314 
208 303 313 314 188 
209 119 317 315 316 
210 317 229 318 315 
211 315 318 313 319 
212 316 315 319 303 
213 15 321 320 33 
214 321 17 322 320 
215 320 322 8 323 
216 33 320 323 18 
217 31 325 324 49 
218 325 33 326 324 
219 324 326 18 327 
220 49 324 327 34 
221 47 329 328 65 
222 329 49 330 328 
223 328 330 34 331 
224 65 328 331 50 
225 333 65 334 332 
226 332 334 50 335 
227 18 323 336 45 
228 323 8 337 336 
229 336 337 29 338 
230 45 336 338 28 
231 34 327 339 61 
232 327 18 340 339 
233 339 340 45 341 
234 61 339 341 44 
235 50 331 342 77 
236 331 34 343 342 
237 342 343 61 344 
238 77 342 344 60 
239 335 50 346 345 
240 345 346 77 347 
241 113 345 347 76 
242 350 332 351 348 
243 348 351 335 352 
244 356 357 113 358 
245 197 356 358 112 
246 150 366 364 365 
247 366 353 360 364 
248 364 360 355 367 
249 365 364 367 82 
250 7 369 368 127 
251 369 16 370 368 
252 368 370 15 32 
253 127 368 32 13 
254 13 372 371 131 
255 372 32 373 371 
256 371 373 31 48 
257 131 371 48 26 
258 26 375 374 135 
259 375 48 376 374 
260 374 376 47 64 
261 135 374 64 42 
262 42 378 377 139 
263 378 64 379 377 
264 377 379 63 80 
265 139 377 80 58 
266 80 382 380 381 
267 382 63 383 380 
268 380 383 81 354 
269 381 380 354 79 
270 354 386 384 385 
271 386 81 387 384 
272 353 390 388 389 
273 389 388 392 360 
274 79 395 393 394 
275 395 354 385 393 
276 393 385 353 366 
277 394 393 366 150 
278 385 398 396 397 
279 398 384 399 396 
280 396 399 361 390 
281 397 396 390 353 
282 352 335 401 400 
283 400 401 345 402 
284 357 400 402 113 
285 349 404 403 362 
286 404 348 405 403 
287 403 405 352 406 
288 362 403 406 66 
289 408 349 409 407 
290 407 409 362 410 
291 390 413 411 412 
292 413 361 414 411 
293 412 411 415 388 
294 64 417 416 379 
295 417 47 418 416 
296 416 418 65 333 
297 379 416 333 63 
298 63 420 419 383 
299 420 333 421 419 
300 419 421 332 350 
301 383 419 350 81 
302 81 423 422 387 
303 423 350 424 422 
304 422 424 348 404 
305 387 422 404 349 
306 384 426 425 399 
307 426 387 427 425 
308 425 427 349 408 
309 399 425 408 361 
310 361 429 428 414 
311 429 408 430 428 
312 428 430 407 431 
313 414 428 431 391 
314 355 363 432 433 
315 363 66 434 432 
316 432 434 357 435 
317 433 432 435 356 
318 360 392 436 437 
319 392 359 438 436 
320 436 438 363 439 
321 437 436 439 355 
322 388 415 440 441 
323 415 391 442 440 
324 440 442 359 443 
325 441 440 443 392 
326 411 446 444 445 
327 446 414 447 444 
328 444 447 391 448 
329 445 444 448 415 
330 1 451 449 450 
331 451 12 125 449 
332 449 125 10 94 
333 450 449 94 11 
334 16 453 452 370 
335 453 2 454 452 
336 452 454 17 321 
337 370 452 321 15 
338 10 457 455 456 
339 457 25 129 455 
340 455 129 23 98 
341 456 455 98 24 
342 32 459 458 373 
343 459 15 460 458 
344 458 460 33 325 
345 373 458 325 31 
346 23 463 461 462 
347 463 41 133 461 
348 461 133 39 102 
349 462 461 102 40 
350 48 465 464 376 
351 465 31 466 464 
352 464 466 49 329 
353 376 464 329 47 
354 39 469 467 468 
355 469 57 137 467 
356 467 137 55 106 
357 468 467 106 56 
358 58 471 470 143 
359 471 80 381 470 
360 470 381 79 149 
361 143 470 149 74 
362 106 474 472 473 
363 474 55 250 472 
364 472 250 72 264 
365 473 472 264 104 
366 72 477 475 476 
367 477 110 253 475 
368 475 253 108 268 
369 476 475 268 109 
370 107 265 478 479 
371 265 59 181 478 
372 478 181 84 480 
373 479 478 480 177 
374 59 269 481 482 
375 269 111 238 481 
376 481 238 180 483 
377 482 481 483 181 
378 122 208 484 211 
379 208 167 485 484 
380 484 485 202 486 
381 211 484 486 189 
382 223 489 487 488 
383 489 222 306 487 
384 487 306 225 246 
385 488 487 246 120 
386 255 491 490 277 
387 491 223 488 490 
388 490 488 120 260 
389 277 490 260 242 
390 302 493 492 311 
391 493 119 316 492 
392 492 316 303 494 
393 311 492 494 301 
394 82 367 495 496 
395 367 355 433 495 
396 495 433 356 497 
397 496 495 497 197 
398 359 410 498 438 
399 410 362 499 498 
400 498 499 66 500 
401 438 498 500 363 
402 66 406 501 434 
403 406 352 502 501 
404 501 502 400 503 
405 434 501 503 357 
406 391 431 504 442 
407 431 407 505 504 
408 504 505 410 506 
409 442 504 506 359 
