2 0.000000 100.000000 5791.461216
493 400 
1 -12.499833 0.000000 -12.510604 99.979130 0.000001 1.746253 0.000112 
2 13.535932 0.000000 -12.510604 99.980014 0.000006 1.712517 0.000106 
3 13.535932 0.000000 12.703090 99.990366 -0.000001 1.711813 -0.000100 
4 -12.499833 0.000000 12.703090 99.990452 0.000000 1.746202 -0.000114 
5 0.518049 0.000000 0.096243 100.858612 0.000017 -7.393140 -0.022712 
6 -12.499833 0.000000 0.096243 99.984856 0.000001 1.753238 -0.000005 
7 0.518049 0.000000 -12.510604 99.968756 0.000003 1.728162 0.000326 
8 13.535932 0.000000 0.096243 100.068933 -0.001110 -3.093562 -0.002336 
9 0.518049 0.000000 12.703090 100.000780 -0.000000 1.728443 -0.000314 
10 -5.990892 0.000000 -6.207181 99.961077 0.000003 1.748965 0.000472 
11 -12.499833 0.000000 -6.207181 99.979106 0.000001 1.749987 0.000112 
12 -5.990892 0.000000 -12.510604 99.973077 0.000001 1.741907 0.000235 
13 0.518049 0.000000 -6.207181 99.920666 0.000017 1.673189 0.001306 
14 -5.990892 0.000000 0.096243 99.985052 0.000002 1.779040 -0.000018 
15 7.026991 0.000000 -6.207181 99.966530 0.000036 1.613956 0.000409 
16 7.026991 0.000000 -12.510604 99.974169 0.000005 1.715632 0.000222 
17 13.535932 0.000000 -6.207181 99.981762 0.000038 1.618448 0.000103 
18 7.026991 0.000000 0.096243 100.067748 -0.002431 -3.108724 -0.002322 
19 -5.990892 0.000000 6.399666 100.008180 0.000000 1.748778 -0.000469 
20 -12.499833 0.000000 6.399666 99.990527 0.000000 1.749908 -0.000117 
21 0.518049 0.000000 6.399666 100.046752 -0.000006 1.677447 -0.001217 
22 -5.990892 0.000000 12.703090 99.996428 0.000000 1.741897 -0.000232 
23 -2.736421 0.000000 -3.055469 99.881956 0.000011 1.757712 0.002051 
24 -5.990892 0.000000 -3.055469 99.960405 0.000003 1.764843 0.000480 
25 -2.736421 0.000000 -6.207181 99.936142 0.000006 1.729907 0.000978 
26 0.518049 0.000000 -3.055469 99.736233 0.000076 1.443340 0.005060 
27 -2.736421 0.000000 0.096243 99.986227 0.000007 1.895211 -0.000084 
28 7.026991 0.000000 6.399666 100.005802 -0.000017 1.617441 -0.000378 
29 13.535932 0.000000 6.399666 99.991752 -0.000019 1.613665 -0.000095 
30 7.026991 0.000000 12.703090 99.995855 -0.000001 1.715786 -0.000211 
31 3.772520 0.000000 -3.055469 99.917576 0.000220 1.241678 0.001494 
32 3.772520 0.000000 -6.207181 99.943754 0.000030 1.625137 0.000860 
33 7.026991 0.000000 -3.055469 99.973471 0.000237 1.259193 0.000372 
34 3.772520 0.000000 0.096243 100.056963 -0.002630 -3.061150 -0.002077 
35 -2.736421 0.000000 3.247954 100.082952 -0.000001 1.756757 -0.001968 
36 -5.990892 0.000000 3.247954 100.009068 0.000001 1.764323 -0.000493 
37 0.518049 0.000000 3.247954 100.211698 -0.000037 1.480496 -0.004458 
38 -2.736421 0.000000 6.399666 100.031918 -0.000001 1.730509 -0.000938 
39 -1.109186 0.000000 -1.479613 99.527385 0.000035 1.776703 0.009114 
40 -2.736421 0.000000 -1.479613 99.874465 0.000012 1.828891 0.002175 
41 -1.109186 0.000000 -3.055469 99.779790 0.000029 1.671018 0.004120 
42 0.518049 0.000000 -1.479613 99.143772 0.000210 0.635017 0.017011 
43 -1.109186 0.000000 0.096243 100.012675 0.000014 2.449363 -0.000853 
44 3.772520 0.000000 3.247954 100.058156 -0.000125 1.293010 -0.001331 
45 7.026991 0.000000 3.247954 100.009727 -0.000149 1.284686 -0.000360 
46 3.772520 0.000000 6.399666 100.026432 -0.000013 1.631225 -0.000795 
47 2.145285 0.000000 -1.479613 99.754291 0.000810 0.131758 0.004906 
48 2.145285 0.000000 -3.055469 99.834122 0.000162 1.276376 0.003152 
49 3.772520 0.000000 -1.479613 99.941152 0.001065 0.195161 0.001173 
50 2.145285 0.000000 0.096243 100.017454 -0.002758 -3.183692 -0.001363 
51 -1.109186 0.000000 1.672098 100.397081 -0.000010 1.768823 -0.008270 
52 -2.736421 0.000000 1.672098 100.091664 0.000002 1.823971 -0.002167 
53 0.518049 0.000000 1.672098 100.700888 -0.000115 0.841017 -0.014138 
54 -1.109186 0.000000 3.247954 100.173330 -0.000008 1.677737 -0.003751 
55 -0.295568 0.000000 -0.691685 98.044738 0.000073 1.768175 0.038410 
56 -1.109186 0.000000 -0.691685 99.466869 0.000030 2.113297 0.010188 
57 -0.295568 0.000000 -1.479613 99.163756 0.000095 1.390084 0.016462 
58 0.518049 0.000000 -0.691685 97.948487 0.000215 -1.275447 0.040447 
59 -0.295568 0.000000 0.096243 100.632620 0.000015 5.537901 -0.015759 
60 2.145285 0.000000 1.672098 100.204320 -0.000479 0.417747 -0.004108 
61 3.772520 0.000000 1.672098 100.061424 -0.000678 0.427824 -0.001247 
62 2.145285 0.000000 3.247954 100.129692 -0.000088 1.330443 -0.002773 
63 1.331667 0.000000 -0.691685 99.415316 0.000859 -1.720946 0.011363 
64 1.331667 0.000000 -1.479613 99.504388 0.000468 0.214613 0.009883 
65 2.145285 0.000000 -0.691685 99.819491 0.002062 -1.552062 0.003366 
66 1.331667 0.000000 0.096243 100.060488 -0.000734 -3.619001 -0.002520 
67 -0.295568 0.000000 0.884171 101.571313 -0.000039 1.664547 -0.031950 
68 -1.109186 0.000000 0.884171 100.476012 -0.000001 2.062250 -0.009968 
69 0.518049 0.000000 0.884171 101.652846 -0.000136 -0.584020 -0.033364 
70 -0.295568 0.000000 1.672098 100.686052 -0.000049 1.441878 -0.013976 
71 0.111241 0.000000 -0.297721 93.692166 0.000078 -0.062653 0.122177 
72 -0.295568 0.000000 -0.297721 97.433152 0.000042 3.358824 0.049550 
73 0.111241 0.000000 -0.691685 97.333927 0.000125 0.285019 0.052603 
74 0.518049 0.000000 -0.297721 97.067829 0.000136 -4.250669 0.055977 
75 0.111241 0.000000 0.096243 99.453457 0.001330 0.720843 0.010849 
76 1.331667 0.000000 0.884171 100.527851 -0.000618 -1.093383 -0.010704 
77 2.145285 0.000000 0.884171 100.167370 -0.001409 -0.982245 -0.003447 
78 1.331667 0.000000 1.672098 100.417212 -0.000270 0.489643 -0.008386 
79 0.924858 0.000000 -0.297721 99.080931 0.000393 -3.682136 0.016941 
80 0.924858 0.000000 -0.691685 98.884816 0.000425 -1.732020 0.021879 
81 1.331667 0.000000 -0.297721 99.614397 0.000581 -3.192419 0.006678 
82 0.924858 0.000000 0.096243 100.169355 -0.000000 -4.451613 -0.005372 
83 0.111241 0.000000 0.490207 104.443681 -0.000028 0.137974 -0.090850 
84 -0.295568 0.000000 0.490207 102.297835 -0.000012 2.730046 -0.047230 
85 0.518049 0.000000 0.490207 102.519833 -0.000097 -2.727785 -0.051776 
86 0.111241 0.000000 0.884171 102.078782 -0.000070 0.561317 -0.042039 
87 0.314645 0.000000 -0.100739 98.029770 0.002588 -17.794441 0.007352 
88 0.111241 0.000000 -0.100739 97.479253 0.001321 -0.158303 0.049777 
89 0.314645 0.000000 -0.297721 94.843918 0.000101 -3.267273 0.099396 
90 0.518049 0.000000 -0.100739 97.814248 0.000076 -6.908546 0.038464 
91 0.314645 0.000000 0.096243 100.211778 0.002561 -17.375883 -0.034432 
92 -9.245362 0.000000 -3.055469 99.976590 0.000001 1.756644 0.000160 
93 -12.499833 0.000000 -3.055469 99.981204 0.000001 1.752241 0.000069 
94 -9.245362 0.000000 -6.207181 99.973675 0.000001 1.750995 0.000220 
95 -9.245362 0.000000 0.096243 99.984909 0.000001 1.759726 -0.000008 
96 -4.363657 0.000000 -1.479613 99.948601 0.000005 1.793696 0.000706 
97 -5.990892 0.000000 -1.479613 99.969255 0.000003 1.774702 0.000300 
98 -4.363657 0.000000 -3.055469 99.936651 0.000005 1.768605 0.000954 
99 -4.363657 0.000000 0.096243 99.985291 0.000004 1.807469 -0.000033 
100 -1.922804 0.000000 -0.691685 99.815549 0.000015 1.960765 0.003301 
101 -2.736421 0.000000 -0.691685 99.913493 0.000010 1.875279 0.001378 
102 -1.922804 0.000000 -1.479613 99.760124 0.000020 1.849049 0.004450 
103 -1.922804 0.000000 0.096243 99.989253 0.000009 2.026775 -0.000196 
104 -0.702377 0.000000 -0.297721 99.164638 0.000032 2.802083 0.015852 
105 -1.109186 0.000000 -0.297721 99.648623 0.000023 2.353799 0.006461 
106 -0.702377 0.000000 -0.691685 98.979566 0.000053 2.141514 0.019846 
107 -0.702377 0.000000 0.096243 100.087336 0.000017 3.147259 -0.002738 
108 -0.092164 0.000000 -0.100739 89.267055 -0.000002 20.841909 0.159701 
109 -0.295568 0.000000 -0.100739 98.212512 0.000029 5.002053 0.032928 
110 -0.092164 0.000000 -0.297721 95.338171 0.000064 2.757663 0.090303 
111 -0.092164 0.000000 0.096243 93.253908 0.000218 20.692030 0.087555 
112 0.924858 0.000000 0.490207 100.988686 -0.000295 -2.706170 -0.020604 
113 1.331667 0.000000 0.490207 100.412843 -0.000851 -2.408716 -0.008854 
114 0.924858 0.000000 0.884171 100.977456 -0.000305 -1.033830 -0.019752 
115 0.314645 0.000000 0.293225 105.595435 -0.000019 -4.430199 -0.117002 
116 0.111241 0.000000 0.293225 107.982984 -0.000002 0.057886 -0.166033 
117 0.518049 0.000000 0.293225 102.553450 -0.000050 -4.838968 -0.054063 
118 0.314645 0.000000 0.490207 103.810389 -0.000054 -1.843567 -0.078000 
119 0.212943 0.000000 -0.002248 98.631639 0.001888 -7.976191 0.020818 
120 0.111241 0.000000 -0.002248 95.261245 0.000729 0.737663 0.092475 
121 0.212943 0.000000 -0.100739 100.413263 0.001799 -9.830004 -0.017945 
122 0.314645 0.000000 -0.002248 98.766358 0.002486 -16.944679 -0.004192 
123 0.212943 0.000000 0.096243 102.245675 0.001827 -8.155892 -0.052070 
124 -2.736421 0.000000 -9.358893 99.959671 0.000003 1.732589 0.000506 
125 -5.990892 0.000000 -9.358893 99.967867 0.000002 1.743215 0.000339 
126 -2.736421 0.000000 -12.510604 99.969868 0.000002 1.736135 0.000301 
127 0.518049 0.000000 -9.358893 99.956257 0.000006 1.714255 0.000581 
128 -1.109186 0.000000 -4.631325 99.881169 0.000017 1.688407 0.002090 
129 -2.736421 0.000000 -4.631325 99.913355 0.000009 1.734344 0.001431 
130 -1.109186 0.000000 -6.207181 99.923788 0.000011 1.705542 0.001233 
131 0.518049 0.000000 -4.631325 99.871477 0.000033 1.614175 0.002308 
132 -0.295568 0.000000 -2.267541 99.566053 0.000064 1.486088 0.008439 
133 -1.109186 0.000000 -2.267541 99.678301 0.000033 1.683057 0.006140 
134 -0.295568 0.000000 -3.055469 99.737532 0.000046 1.568212 0.004997 
135 0.518049 0.000000 -2.267541 99.561479 0.000125 1.212006 0.008604 
136 0.111241 0.000000 -1.085649 98.526892 0.000141 0.717574 0.029194 
137 -0.295568 0.000000 -1.085649 98.751410 0.000079 1.412946 0.024616 
138 0.111241 0.000000 -1.479613 99.075728 0.000135 1.016671 0.018297 
139 0.518049 0.000000 -1.085649 98.705110 0.000224 -0.004990 0.025730 
140 0.314645 0.000000 -0.494703 96.492663 0.000135 -1.509093 0.068689 
141 0.111241 0.000000 -0.494703 96.109199 0.000106 0.061027 0.076302 
142 0.314645 0.000000 -0.691685 97.492454 0.000157 -0.619859 0.049484 
143 0.518049 0.000000 -0.494703 97.444188 0.000185 -2.411322 0.049882 
144 0.212943 0.000000 -0.199230 94.931140 0.002534 -17.192091 0.069251 
145 0.111241 0.000000 -0.199230 82.425055 -0.000838 1.816470 0.320281 
146 0.212943 0.000000 -0.297721 93.925900 0.000089 -1.862053 0.117446 
147 0.314645 0.000000 -0.199230 93.243786 0.002819 -19.402707 0.092913 
148 0.721454 0.000000 -0.100739 99.083941 0.000198 -5.393548 0.015328 
149 0.721454 0.000000 -0.297721 98.412215 0.000185 -4.050582 0.029863 
150 0.924858 0.000000 -0.100739 99.529459 0.000197 -4.592051 0.007280 
151 0.721454 0.000000 0.096243 100.293521 0.000044 -5.377712 -0.008771 
152 0.416347 0.000000 -0.002248 96.219156 0.002767 -19.784034 0.035047 
153 0.416347 0.000000 -0.100739 95.115970 0.002820 -20.329735 0.053965 
154 0.518049 0.000000 -0.002248 79.313455 0.002780 -18.583353 0.336403 
155 0.416347 0.000000 0.096243 97.321444 0.002814 -20.830193 0.009464 
156 0.263794 0.000000 -0.051494 99.098729 0.002157 -14.401198 -0.002795 
157 0.212943 0.000000 -0.051494 99.430215 0.001693 -5.510269 0.008327 
158 0.263794 0.000000 -0.100739 98.364218 0.002270 -15.553618 0.008257 
159 0.314645 0.000000 -0.051494 98.623759 0.002480 -16.831136 -0.000993 
160 0.263794 0.000000 -0.002248 100.221064 0.002298 -16.927117 -0.033079 
161 0.416347 0.000000 -0.199230 95.701857 0.000094 -5.690657 0.080877 
162 0.416347 0.000000 -0.297721 96.020969 0.000117 -4.023495 0.076378 
163 0.518049 0.000000 -0.199230 97.178425 0.000108 -5.535543 0.052571 
164 0.365496 0.000000 -0.051494 97.061382 0.002701 -18.948849 0.022003 
165 0.365496 0.000000 -0.100739 95.514052 0.002695 -18.754592 0.052533 
166 0.416347 0.000000 -0.051494 96.168245 0.002766 -19.743884 0.036185 
167 0.365496 0.000000 -0.002248 97.902903 0.002617 -18.117165 0.008679 
168 -9.245362 0.000000 3.247954 99.993123 0.000001 1.756486 -0.000171 
169 -12.499833 0.000000 3.247954 99.988480 0.000000 1.752180 -0.000077 
170 -9.245362 0.000000 6.399666 99.995908 0.000000 1.750850 -0.000225 
171 -4.363657 0.000000 1.672098 100.021014 0.000002 1.792426 -0.000742 
172 -5.990892 0.000000 1.672098 100.000612 0.000001 1.774254 -0.000327 
173 -4.363657 0.000000 3.247954 100.031930 0.000001 1.767645 -0.000951 
174 -1.922804 0.000000 0.884171 100.152008 0.000003 1.947891 -0.003422 
175 -2.736421 0.000000 0.884171 100.056488 0.000004 1.870938 -0.001480 
176 -1.922804 0.000000 1.672098 100.190899 -0.000000 1.833173 -0.004158 
177 -0.702377 0.000000 0.490207 100.836727 0.000001 2.618926 -0.017490 
178 -1.109186 0.000000 0.490207 100.343223 0.000006 2.301565 -0.007406 
179 -0.702377 0.000000 0.884171 100.891506 -0.000009 2.042395 -0.018327 
180 -0.092164 0.000000 0.293225 105.025460 0.000001 4.068738 -0.104690 
181 -0.295568 0.000000 0.293225 102.200856 0.000001 4.074059 -0.046161 
182 -0.092164 0.000000 0.490207 103.609746 -0.000019 2.007507 -0.073901 
183 0.212943 0.000000 0.194734 106.127063 0.002193 -13.955533 -0.145771 
184 0.111241 0.000000 0.194734 108.614107 0.001023 7.193723 -0.184877 
185 0.314645 0.000000 0.194734 97.977553 0.002798 -20.901977 -0.003649 
186 0.212943 0.000000 0.293225 107.334425 -0.000009 -2.719980 -0.152808 
187 0.263794 0.000000 0.046997 100.715895 0.002157 -13.404382 -0.032337 
188 0.212943 0.000000 0.046997 100.949542 0.001760 -6.363807 -0.023131 
189 0.314645 0.000000 0.046997 99.115873 0.002473 -16.879680 -0.010888 
190 0.263794 0.000000 0.096243 100.645033 0.002259 -14.765788 -0.034745 
191 0.289219 0.000000 -0.026871 99.417847 0.002331 -15.398812 -0.012103 
192 0.263794 0.000000 -0.026871 100.147559 0.002171 -13.526094 -0.021249 
193 0.289219 0.000000 -0.051494 98.243122 0.002327 -16.027313 0.009141 
194 0.314645 0.000000 -0.026871 98.662900 0.002485 -16.907388 -0.002023 
195 0.289219 0.000000 -0.002248 101.779449 0.002384 -23.918662 -0.093116 
196 0.721454 0.000000 0.293225 101.239634 -0.000196 -4.176267 -0.026690 
197 0.924858 0.000000 0.293225 100.710706 -0.000279 -3.635158 -0.015586 
198 0.721454 0.000000 0.490207 101.547591 -0.000171 -2.828400 -0.031991 
199 0.416347 0.000000 0.194734 103.591505 -0.000006 -7.045080 -0.078083 
200 0.518049 0.000000 0.194734 102.033492 -0.000019 -6.191679 -0.044917 
201 0.416347 0.000000 0.293225 103.833416 -0.000033 -4.958362 -0.080596 
202 0.365496 0.000000 0.046997 98.842116 0.002680 -18.817252 -0.012385 
203 0.416347 0.000000 0.046997 96.352777 0.002764 -19.805834 0.032387 
204 0.365496 0.000000 0.096243 97.622650 0.002687 -18.984201 0.010942 
205 0.340070 0.000000 -0.026871 97.893669 0.002612 -18.065840 0.009045 
206 0.340070 0.000000 -0.051494 97.866679 0.002609 -18.010648 0.009773 
207 0.365496 0.000000 -0.026871 96.458702 0.002629 -18.247397 0.036275 
208 0.340070 0.000000 -0.002248 97.975565 0.002612 -18.098237 0.007324 
209 0.289219 0.000000 0.022374 99.727108 0.002327 -15.413144 -0.018306 
210 0.263794 0.000000 0.022374 102.775141 0.002222 -16.136213 -0.082311 
211 0.314645 0.000000 0.022374 98.925457 0.002481 -16.934430 -0.007302 
212 0.289219 0.000000 0.046997 99.937110 0.002317 -15.321616 -0.022218 
213 0.301932 0.000000 -0.014560 89.541732 0.002979 -18.387096 0.164419 
214 0.289219 0.000000 -0.014560 98.330787 0.002403 -17.292532 0.003202 
215 0.301932 0.000000 -0.026871 98.213860 0.002349 -16.217833 0.009102 
216 0.314645 0.000000 -0.014560 98.706669 0.002486 -16.931684 -0.002969 
217 0.301932 0.000000 -0.002248 96.514710 0.003394 -19.922130 0.028802 
218 0.009538 0.000000 -0.002248 86.629683 -0.001129 -2.719311 0.248790 
219 -0.092164 0.000000 -0.002248 93.848301 0.000250 18.271225 0.085866 
220 0.009538 0.000000 -0.100739 96.098328 0.000468 12.614499 0.060599 
221 0.009538 0.000000 0.096243 97.813419 0.000577 13.207729 0.025809 
222 0.162092 0.000000 -0.051494 98.195038 0.001482 -2.502753 0.035147 
223 0.111241 0.000000 -0.051494 97.844271 0.001297 0.185539 0.042646 
224 0.162092 0.000000 -0.100739 97.789232 0.001474 -2.356394 0.043171 
225 0.162092 0.000000 -0.002248 96.530465 0.001480 -3.404442 0.067028 
226 0.238368 0.000000 -0.026871 98.819282 0.001937 -10.441588 0.012572 
227 0.212943 0.000000 -0.026871 97.180497 0.001683 -5.028040 0.053067 
228 0.238368 0.000000 -0.051494 100.691814 0.002002 -11.181932 -0.026388 
229 0.238368 0.000000 -0.002248 99.548229 0.002140 -12.222618 -0.005924 
230 0.276507 0.000000 -0.014560 98.309339 0.002276 -15.901433 0.008242 
231 0.263794 0.000000 -0.014560 97.961989 0.002284 -13.648825 0.021716 
232 0.276507 0.000000 -0.026871 99.061819 0.002189 -14.686818 -0.002895 
233 0.276507 0.000000 -0.002248 102.202487 0.002299 -21.821758 -0.092154 
234 0.162092 0.000000 0.046997 103.864422 0.001631 -4.293125 -0.080625 
235 0.111241 0.000000 0.046997 104.869998 0.001463 -0.229849 -0.099777 
236 0.162092 0.000000 0.096243 99.167438 0.001505 -2.139645 0.016124 
237 0.009538 0.000000 0.194734 97.434087 0.000369 18.500499 0.016433 
238 -0.092164 0.000000 0.194734 86.253902 0.001631 49.824366 0.007780 
239 0.009538 0.000000 0.293225 106.946305 -0.000002 2.698374 -0.144479 
240 0.060389 0.000000 0.046997 103.308636 0.001047 8.007839 -0.073680 
241 0.009538 0.000000 0.046997 97.584616 0.000648 11.804098 0.033791 
242 0.060389 0.000000 -0.002248 92.468209 -0.000246 6.547410 0.140676 
243 0.060389 0.000000 0.096243 99.420468 0.000853 8.212997 0.004812 
244 0.136666 0.000000 0.022374 109.995122 0.001631 -4.906111 -0.212300 
245 0.111241 0.000000 0.022374 104.508539 0.001273 -0.128816 -0.092205 
246 0.136666 0.000000 -0.002248 92.606386 0.001033 -1.423588 0.142203 
247 0.162092 0.000000 0.022374 105.109446 0.001689 -6.018823 -0.108422 
248 0.136666 0.000000 0.046997 102.805714 0.001494 -2.086652 -0.057337 
249 -0.092164 0.000000 -0.494703 96.676773 0.000081 1.534189 0.065125 
250 -0.295568 0.000000 -0.494703 97.655119 0.000061 2.283537 0.045826 
251 -0.092164 0.000000 -0.691685 97.547818 0.000082 1.174015 0.048304 
252 0.009538 0.000000 -0.199230 81.821972 -0.000490 18.784224 0.295232 
253 -0.092164 0.000000 -0.199230 94.555337 0.000056 4.185602 0.104177 
254 0.009538 0.000000 -0.297721 94.255451 0.000072 1.620016 0.111329 
255 0.060389 0.000000 -0.051494 97.974302 0.000831 6.693680 0.035623 
256 0.009538 0.000000 -0.051494 95.704531 0.000512 12.519645 0.068390 
257 0.060389 0.000000 -0.100739 97.645244 0.000758 7.775505 0.040495 
258 0.085815 0.000000 0.022374 104.597478 0.001048 3.950658 -0.095624 
259 0.060389 0.000000 0.022374 110.378230 0.001334 11.936292 -0.232583 
260 0.085815 0.000000 -0.002248 93.467645 0.000328 2.734260 0.125632 
261 0.085815 0.000000 0.046997 106.110537 0.001316 4.199752 -0.127708 
262 -0.498973 0.000000 -0.100739 99.197929 0.000026 3.754170 0.014568 
263 -0.702377 0.000000 -0.100739 99.557235 0.000024 3.083157 0.007885 
264 -0.498973 0.000000 -0.297721 98.586234 0.000037 3.125113 0.027099 
265 -0.498973 0.000000 0.096243 100.215481 0.000013 3.910823 -0.005844 
266 -0.193866 0.000000 -0.002248 73.407363 0.000207 25.649253 0.395347 
267 -0.295568 0.000000 -0.002248 99.313733 0.000022 5.586358 0.010557 
268 -0.193866 0.000000 -0.100739 96.941681 0.000033 6.024674 0.056601 
269 -0.193866 0.000000 0.096243 101.311141 0.000017 7.270295 -0.031680 
270 -0.041313 0.000000 -0.051494 94.794817 0.000335 15.683662 0.076797 
271 -0.092164 0.000000 -0.051494 92.127484 0.000154 20.286425 0.110099 
272 -0.041313 0.000000 -0.100739 93.838261 0.000202 17.492478 0.088839 
273 -0.041313 0.000000 -0.002248 95.027090 0.000360 16.063677 0.071181 
274 0.034964 0.000000 -0.026871 97.448143 0.000707 9.348690 0.041646 
275 0.009538 0.000000 -0.026871 96.645306 0.000586 11.613686 0.052481 
276 0.034964 0.000000 -0.051494 97.292138 0.000705 9.073792 0.045191 
277 0.060389 0.000000 -0.026871 98.175147 0.000831 6.931990 0.031359 
278 0.034964 0.000000 -0.002248 89.057248 -0.001004 6.799649 0.202257 
279 -0.041313 0.000000 0.046997 95.651955 0.000396 16.131317 0.059048 
280 -0.092164 0.000000 0.046997 94.989066 0.000307 19.313348 0.060407 
281 -0.041313 0.000000 0.096243 96.957664 0.000401 16.655801 0.032180 
282 -0.015887 0.000000 -0.026871 95.790854 0.000466 13.766016 0.063461 
283 -0.041313 0.000000 -0.026871 94.852939 0.000345 15.897637 0.075019 
284 -0.015887 0.000000 -0.051494 95.716399 0.000459 13.509638 0.065586 
285 -0.015887 0.000000 -0.002248 95.992164 0.000481 13.955076 0.059076 
286 0.034964 0.000000 0.022374 110.776189 0.001411 20.315534 -0.268409 
287 0.009538 0.000000 0.022374 102.291225 0.001047 21.553469 -0.092805 
288 0.034964 0.000000 0.046997 98.401601 0.000768 9.510657 0.022667 
289 0.022251 0.000000 -0.014560 92.585104 -0.000334 8.235586 0.136017 
290 0.009538 0.000000 -0.014560 96.746985 0.000592 11.727045 0.050250 
291 0.022251 0.000000 -0.026871 96.894860 0.000594 11.310805 0.048345 
292 0.034964 0.000000 -0.014560 93.064830 -0.000177 8.156305 0.127241 
293 0.022251 0.000000 -0.002248 90.295689 -0.000844 6.126629 0.180915 
294 -0.015887 0.000000 0.022374 96.304965 0.000501 14.032589 0.052844 
295 -0.041313 0.000000 0.022374 95.307473 0.000378 16.147163 0.065575 
296 -0.015887 0.000000 0.046997 96.676263 0.000523 13.979883 0.045826 
297 0.022251 0.000000 0.010063 108.704658 0.001440 28.032181 -0.260251 
298 0.009538 0.000000 0.010063 103.577086 0.001580 41.052683 -0.241354 
299 0.034964 0.000000 0.010063 103.496088 0.000601 16.080862 -0.097003 
300 0.022251 0.000000 0.022374 108.417330 0.001374 25.687104 -0.241414 
301 0.187517 0.000000 0.022374 102.738026 0.001811 -7.273189 -0.060800 
302 0.187517 0.000000 -0.002248 99.044100 0.001728 -5.925045 0.015516 
303 0.212943 0.000000 0.022374 103.651431 0.001952 -9.822817 -0.084011 
304 0.187517 0.000000 0.046997 101.452418 0.001664 -4.865439 -0.031627 
305 0.187517 0.000000 -0.026871 96.364051 0.001587 -3.813655 0.069943 
306 0.162092 0.000000 -0.026871 97.173145 0.001482 -2.531923 0.055097 
307 0.187517 0.000000 -0.051494 98.229375 0.001575 -3.772278 0.033676 
308 0.174804 0.000000 0.010063 100.747957 0.001721 -6.004074 -0.018620 
309 0.162092 0.000000 0.010063 100.921307 0.001572 -4.537009 -0.020569 
310 0.174804 0.000000 -0.002248 94.913368 0.001574 -3.886238 0.097635 
311 0.187517 0.000000 0.010063 101.084884 0.001782 -6.808598 -0.026451 
312 0.174804 0.000000 0.022374 108.243696 0.001892 -8.626879 -0.179112 
313 0.238368 0.000000 0.022374 103.251851 0.002086 -12.454128 -0.081605 
314 0.238368 0.000000 0.046997 101.413890 0.002003 -11.155672 -0.040923 
315 0.225656 0.000000 0.010063 104.512101 0.002129 -12.974940 -0.109113 
316 0.212943 0.000000 0.010063 101.420210 0.001954 -9.361264 -0.037369 
317 0.225656 0.000000 -0.002248 99.377251 0.002035 -9.878497 0.002658 
318 0.238368 0.000000 0.010063 105.541499 0.002212 -15.709038 -0.138578 
319 0.225656 0.000000 0.022374 104.951847 0.002064 -11.844100 -0.115517 
320 10.281461 0.000000 -3.055469 99.985593 0.000231 1.280971 0.000124 
321 10.281461 0.000000 -6.207181 99.977160 0.000038 1.615241 0.000196 
322 13.535932 0.000000 -3.055469 99.989166 0.000222 1.298833 0.000048 
323 10.281461 0.000000 0.096243 100.069497 -0.002057 -3.144078 -0.002379 
324 5.399755 0.000000 -1.479613 99.983465 0.001065 0.255153 0.000324 
325 5.399755 0.000000 -3.055469 99.956453 0.000236 1.247306 0.000715 
326 7.026991 0.000000 -1.479613 99.996973 0.001040 0.303497 0.000051 
327 5.399755 0.000000 0.096243 100.065105 -0.002531 -3.075718 -0.002249 
328 2.958902 0.000000 -0.691685 99.944066 0.002471 -1.434709 0.000913 
329 2.958902 0.000000 -1.479613 99.884017 0.000998 0.160615 0.002316 
330 3.772520 0.000000 -0.691685 99.990832 0.002512 -1.354192 -0.000000 
331 2.958902 0.000000 0.096243 100.043329 -0.002671 -3.086301 -0.001819 
332 1.738476 0.000000 -0.297721 99.818547 0.001038 -2.929007 0.002768 
333 1.738476 0.000000 -0.691685 99.680323 0.001515 -1.633056 0.006117 
334 2.145285 0.000000 -0.297721 99.912973 0.002001 -2.775607 0.000969 
335 1.738476 0.000000 0.096243 100.009556 -0.002464 -3.310584 -0.001287 
336 10.281461 0.000000 3.247954 99.999034 -0.000157 1.277590 -0.000144 
337 13.535932 0.000000 3.247954 99.995899 -0.000165 1.266342 -0.000078 
338 10.281461 0.000000 6.399666 99.996019 -0.000019 1.614728 -0.000181 
339 5.399755 0.000000 1.672098 100.028276 -0.000725 0.424878 -0.000584 
340 7.026991 0.000000 1.672098 100.017729 -0.000753 0.407740 -0.000371 
341 5.399755 0.000000 3.247954 100.024592 -0.000142 1.286716 -0.000657 
342 2.958902 0.000000 0.884171 100.083741 -0.001773 -0.914561 -0.001759 
343 3.772520 0.000000 0.884171 100.057439 -0.001884 -0.899280 -0.001230 
344 2.958902 0.000000 1.672098 100.105351 -0.000638 0.420371 -0.002126 
345 1.738476 0.000000 0.490207 100.180601 -0.001777 -2.211407 -0.004104 
346 2.145285 0.000000 0.490207 100.099928 -0.002447 -2.095866 -0.002439 
347 1.738476 0.000000 0.884171 100.285124 -0.001039 -1.042632 -0.005819 
348 1.535071 0.000000 -0.100739 99.873015 -0.001159 -3.643630 0.001210 
349 1.331667 0.000000 -0.100739 99.818175 -0.000067 -3.820220 0.002174 
350 1.535071 0.000000 -0.297721 99.737922 0.000752 -3.042314 0.004309 
351 1.738476 0.000000 -0.100739 99.917480 -0.002230 -3.523221 0.000408 
352 1.535071 0.000000 0.096243 100.016053 -0.001572 -3.430998 -0.001498 
353 1.128263 0.000000 -0.100739 99.723610 0.000138 -4.111077 0.003830 
354 1.128263 0.000000 -0.297721 99.426809 0.000484 -3.390704 0.010281 
355 1.128263 0.000000 0.096243 100.108377 -0.000197 -3.929623 -0.003713 
356 1.535071 0.000000 0.293225 100.155792 -0.001540 -2.900510 -0.003960 
357 1.331667 0.000000 0.293225 100.262102 -0.000871 -3.062372 -0.006187 
358 1.738476 0.000000 0.293225 100.099355 -0.002210 -2.789345 -0.002766 
359 1.535071 0.000000 0.490207 100.268372 -0.001306 -2.298813 -0.005903 
360 1.433369 0.000000 -0.002248 99.933800 -0.000880 -3.722175 -0.000062 
361 1.331667 0.000000 -0.002248 99.937886 -0.000462 -3.823944 -0.000220 
362 1.433369 0.000000 -0.100739 99.843569 -0.000474 -3.724735 0.001739 
363 1.535071 0.000000 -0.002248 99.943416 -0.001575 -3.637320 -0.000192 
364 1.433369 0.000000 0.096243 100.027561 -0.001057 -3.517109 -0.001788 
365 3.772520 0.000000 -9.358893 99.961794 0.000009 1.697414 0.000476 
366 3.772520 0.000000 -12.510604 99.970651 0.000004 1.720589 0.000291 
367 7.026991 0.000000 -9.358893 99.970229 0.000011 1.689149 0.000310 
368 2.145285 0.000000 -4.631325 99.896362 0.000054 1.550613 0.001831 
369 2.145285 0.000000 -6.207181 99.929403 0.000024 1.643732 0.001141 
370 3.772520 0.000000 -4.631325 99.929611 0.000070 1.521044 0.001176 
371 1.331667 0.000000 -2.267541 99.668874 0.000247 1.008126 0.006510 
372 1.331667 0.000000 -3.055469 99.777624 0.000118 1.338553 0.004263 
373 2.145285 0.000000 -2.267541 99.790740 0.000356 0.921795 0.004096 
374 1.738476 0.000000 -1.085649 99.638794 0.001003 -0.581408 0.007177 
375 1.331667 0.000000 -1.085649 99.421905 0.000667 -0.559732 0.011497 
376 1.738476 0.000000 -1.479613 99.654343 0.000648 0.154882 0.006899 
377 2.145285 0.000000 -1.085649 99.769599 0.001294 -0.567328 0.004571 
378 1.535071 0.000000 -0.494703 99.632843 0.001263 -2.337749 0.006783 
379 1.331667 0.000000 -0.494703 99.481157 0.000856 -2.432756 0.009758 
380 1.535071 0.000000 -0.691685 99.569974 0.001176 -1.678196 0.008300 
381 1.738476 0.000000 -0.494703 99.735963 0.001724 -2.258047 0.004764 
382 1.433369 0.000000 -0.199230 99.759272 0.000135 -3.471368 0.003604 
383 1.331667 0.000000 -0.199230 99.705484 0.000269 -3.563985 0.004611 
384 1.433369 0.000000 -0.297721 99.682555 0.000669 -3.111896 0.005370 
385 1.535071 0.000000 -0.199230 99.803731 -0.000122 -3.393990 0.002770 
386 2.552093 0.000000 -0.297721 99.961590 0.002538 -2.699491 0.000039 
387 2.552093 0.000000 -0.691685 99.894415 0.002354 -1.497510 0.001886 
388 2.958902 0.000000 -0.297721 99.996248 0.002718 -2.608018 -0.000605 
389 2.552093 0.000000 0.096243 100.031129 -0.002684 -3.138182 -0.001607 
390 1.941880 0.000000 -0.100739 99.948492 -0.002096 -3.435879 -0.000151 
391 1.941880 0.000000 -0.297721 99.873310 0.001524 -2.842830 0.001724 
392 2.145285 0.000000 -0.100739 99.971589 -0.001663 -3.370306 -0.000568 
393 1.941880 0.000000 0.096243 100.012221 -0.002771 -3.234529 -0.001291 
394 1.636774 0.000000 -0.002248 99.953951 -0.002282 -3.571344 -0.000355 
395 1.636774 0.000000 -0.100739 99.897735 -0.001928 -3.592649 0.000754 
396 1.738476 0.000000 -0.002248 99.964361 -0.002733 -3.518720 -0.000525 
397 1.636774 0.000000 0.096243 100.010776 -0.002081 -3.363577 -0.001347 
398 1.484220 0.000000 -0.051494 99.898192 -0.001083 -3.714597 0.000655 
399 1.433369 0.000000 -0.051494 99.887978 -0.000735 -3.758634 0.000826 
400 1.484220 0.000000 -0.100739 99.858886 -0.000791 -3.681897 0.001465 
401 1.535071 0.000000 -0.051494 99.907976 -0.001484 -3.675751 0.000489 
402 1.484220 0.000000 -0.002248 99.938422 -0.001207 -3.676989 -0.000121 
403 1.128263 0.000000 0.293225 100.454207 -0.000535 -3.285245 -0.010184 
404 1.128263 0.000000 0.490207 100.637475 -0.000509 -2.539345 -0.013435 
405 1.229965 0.000000 -0.002248 99.923545 -0.000181 -3.958924 -0.000039 
406 1.128263 0.000000 -0.002248 99.911944 -0.000019 -4.141543 0.000045 
407 1.229965 0.000000 -0.100739 99.774378 0.000056 -3.943059 0.002953 
408 1.229965 0.000000 0.096243 100.077761 -0.000403 -3.751601 -0.002963 
409 1.382518 0.000000 -0.051494 99.881896 -0.000478 -3.802224 0.000915 
410 1.331667 0.000000 -0.051494 99.877337 -0.000298 -3.857202 0.000964 
411 1.382518 0.000000 -0.100739 99.827257 -0.000258 -3.772891 0.002028 
412 1.382518 0.000000 -0.002248 99.938293 -0.000626 -3.770365 -0.000188 
413 1.636774 0.000000 -0.199230 99.839295 -0.000361 -3.328286 0.002104 
414 1.636774 0.000000 -0.297721 99.782526 0.000863 -2.981720 0.003456 
415 1.738476 0.000000 -0.199230 99.867648 -0.000412 -3.271960 0.001575 
416 1.484220 0.000000 -0.149985 99.820348 -0.000416 -3.580477 0.002308 
417 1.433369 0.000000 -0.149985 99.800646 -0.000188 -3.622175 0.002671 
418 1.484220 0.000000 -0.199230 99.782652 0.000018 -3.431041 0.003165 
419 1.535071 0.000000 -0.149985 99.838231 -0.000682 -3.542650 0.001978 
420 1.458795 0.000000 -0.076117 99.872101 -0.000812 -3.728563 0.001166 
421 1.433369 0.000000 -0.076117 99.865353 -0.000647 -3.736730 0.001295 
422 1.458795 0.000000 -0.100739 99.851364 -0.000624 -3.702698 0.001600 
423 1.484220 0.000000 -0.076117 99.878434 -0.000992 -3.707513 0.001055 
424 1.458795 0.000000 -0.051494 99.893127 -0.000900 -3.735915 0.000741 
425 -9.245362 0.000000 -9.358893 99.974572 0.000001 1.746991 0.000203 
426 -12.499833 0.000000 -9.358893 99.978659 0.000001 1.747796 0.000121 
427 -9.245362 0.000000 -12.510604 99.976486 0.000001 1.744975 0.000166 
428 10.281461 0.000000 -9.358893 99.976432 0.000012 1.686902 0.000187 
429 10.281461 0.000000 -12.510604 99.977523 0.000005 1.713284 0.000156 
430 13.535932 0.000000 -9.358893 99.980103 0.000013 1.687032 0.000113 
431 -4.363657 0.000000 -4.631325 99.941383 0.000005 1.751490 0.000865 
432 -5.990892 0.000000 -4.631325 99.958808 0.000003 1.755433 0.000516 
433 -4.363657 0.000000 -6.207181 99.950043 0.000004 1.743258 0.000695 
434 5.399755 0.000000 -4.631325 99.953234 0.000078 1.513492 0.000706 
435 5.399755 0.000000 -6.207181 99.956913 0.000034 1.616601 0.000600 
436 7.026991 0.000000 -4.631325 99.967107 0.000082 1.514386 0.000428 
437 -1.922804 0.000000 -2.267541 99.793426 0.000020 1.765040 0.003816 
438 -2.736421 0.000000 -2.267541 99.869996 0.000012 1.785844 0.002279 
439 -1.922804 0.000000 -3.055469 99.835520 0.000018 1.730733 0.002987 
440 2.958902 0.000000 -2.267541 99.872646 0.000418 0.900637 0.002464 
441 2.958902 0.000000 -3.055469 99.883683 0.000197 1.249692 0.002169 
442 3.772520 0.000000 -2.267541 99.921559 0.000456 0.905797 0.001486 
443 -0.702377 0.000000 -1.085649 99.145111 0.000062 1.785786 0.016706 
444 -1.109186 0.000000 -1.085649 99.459960 0.000034 1.904027 0.010409 
445 -0.702377 0.000000 -1.479613 99.344916 0.000052 1.645703 0.012788 
446 0.924858 0.000000 -1.085649 99.091833 0.000395 -0.416813 0.018063 
447 0.924858 0.000000 -1.479613 99.317793 0.000309 0.360867 0.013585 
448 0.721454 0.000000 -0.494703 98.305182 0.000261 -2.676136 0.032893 
449 0.721454 0.000000 -0.691685 98.442509 0.000297 -1.621124 0.030644 
450 0.924858 0.000000 -0.494703 98.876163 0.000379 -2.661794 0.021642 
451 1.128263 0.000000 -0.494703 99.251266 0.000564 -2.541006 0.014273 
452 1.128263 0.000000 -0.691685 99.195965 0.000606 -1.748848 0.015710 
453 -0.498973 0.000000 -0.494703 98.447138 0.000048 2.497704 0.030192 
454 -0.702377 0.000000 -0.494703 98.997699 0.000038 2.435897 0.019352 
455 -0.498973 0.000000 -0.691685 98.573762 0.000053 2.046789 0.027902 
456 -0.193866 0.000000 -0.199230 96.396819 0.000040 4.433515 0.068800 
457 -0.295568 0.000000 -0.199230 97.614510 0.000035 4.151302 0.045417 
458 -0.193866 0.000000 -0.297721 96.491438 0.000047 3.267896 0.067872 
459 -0.498973 0.000000 0.293225 101.052195 0.000001 3.441744 -0.022339 
460 -0.702377 0.000000 0.293225 100.561296 0.000009 2.954695 -0.012130 
461 -0.498973 0.000000 0.490207 101.384218 -0.000000 2.786054 -0.028652 
462 -0.193866 0.000000 0.194734 102.886438 0.000007 5.804732 -0.061931 
463 -0.295568 0.000000 0.194734 101.662666 0.000008 4.907075 -0.035938 
464 -0.193866 0.000000 0.293225 103.336896 -0.000001 4.311576 -0.069710 
465 0.340070 0.000000 0.022374 98.106179 0.002609 -18.102020 0.004749 
466 0.365496 0.000000 0.022374 98.014600 0.002614 -18.119384 0.006483 
467 0.340070 0.000000 0.046997 98.266129 0.002603 -18.078035 0.001695 
468 0.136666 0.000000 -0.026871 96.921131 0.001313 -1.098330 0.060509 
469 0.111241 0.000000 -0.026871 96.649043 0.001087 0.466947 0.065874 
470 0.136666 0.000000 -0.051494 98.067577 0.001387 -1.164089 0.038140 
471 0.085815 0.000000 -0.026871 98.162248 0.001175 2.151555 0.035954 
472 0.085815 0.000000 -0.051494 98.450109 0.001076 2.950093 0.029887 
473 0.200230 0.000000 0.010063 102.568481 0.001909 -8.690028 -0.059581 
474 0.200230 0.000000 -0.002248 93.630133 0.001761 -5.517796 0.120295 
475 0.200230 0.000000 0.022374 106.576768 0.002011 -10.432039 -0.146743 
476 2.552093 0.000000 -1.085649 99.854740 0.001482 -0.530567 0.002875 
477 2.552093 0.000000 -1.479613 99.834528 0.000927 0.146444 0.003305 
478 2.958902 0.000000 -1.085649 99.906363 0.001580 -0.499293 0.001847 
479 1.941880 0.000000 -0.494703 99.808149 0.002151 -2.192673 0.003353 
480 1.941880 0.000000 -0.691685 99.760356 0.001820 -1.590509 0.004534 
481 2.145285 0.000000 -0.494703 99.860442 0.002490 -2.138950 0.002332 
482 2.552093 0.000000 0.490207 100.077493 -0.002771 -2.049843 -0.001971 
483 2.958902 0.000000 0.490207 100.065424 -0.002906 -2.001739 -0.001710 
484 2.552093 0.000000 0.884171 100.113897 -0.001646 -0.944087 -0.002368 
485 1.941880 0.000000 0.293225 100.071411 -0.002660 -2.713979 -0.002165 
486 2.145285 0.000000 0.293225 100.058378 -0.002908 -2.661940 -0.001876 
487 1.941880 0.000000 0.490207 100.129274 -0.002165 -2.145066 -0.003047 
488 1.229965 0.000000 -0.199230 99.648016 0.000334 -3.669264 0.005681 
489 1.128263 0.000000 -0.199230 99.558500 0.000288 -3.803755 0.007364 
490 1.229965 0.000000 -0.297721 99.529712 0.000487 -3.287153 0.008303 
491 1.382518 0.000000 -0.149985 99.779248 -0.000024 -3.668370 0.003064 
492 1.331667 0.000000 -0.149985 99.762147 0.000080 -3.710549 0.003375 
493 1.382518 0.000000 -0.199230 99.733589 0.000220 -3.515470 0.004085 
1 19 21 9 22 
2 20 19 22 4 
3 28 29 3 30 
4 21 28 30 9 
5 35 37 21 38 
6 36 35 38 19 
7 44 45 28 46 
8 37 44 46 21 
9 51 53 37 54 
10 52 51 54 35 
11 60 61 44 62 
12 53 60 62 37 
13 67 69 53 70 
14 68 67 70 51 
15 76 77 60 78 
16 69 76 78 53 
17 83 85 69 86 
18 84 83 86 67 
19 11 94 92 93 
20 94 10 24 92 
21 92 24 14 95 
22 93 92 95 6 
23 24 98 96 97 
24 98 23 40 96 
25 96 40 27 99 
26 97 96 99 14 
27 40 102 100 101 
28 102 39 56 100 
29 100 56 43 103 
30 101 100 103 27 
31 56 106 104 105 
32 105 104 107 43 
33 112 113 76 114 
34 85 112 114 69 
35 115 117 85 118 
36 116 115 118 83 
37 12 126 124 125 
38 126 7 127 124 
39 124 127 13 25 
40 125 124 25 10 
41 25 130 128 129 
42 130 13 131 128 
43 128 131 26 41 
44 129 128 41 23 
45 41 134 132 133 
46 134 26 135 132 
47 132 135 42 57 
48 133 132 57 39 
49 57 138 136 137 
50 138 42 139 136 
51 136 139 58 73 
52 137 136 73 55 
53 73 142 140 141 
54 142 58 143 140 
55 140 143 74 89 
56 141 140 89 71 
57 71 146 144 145 
58 146 89 147 144 
59 144 147 87 121 
60 145 144 121 88 
61 74 149 148 90 
62 149 79 150 148 
63 148 150 82 151 
64 90 148 151 5 
65 153 90 154 152 
66 152 154 5 155 
67 121 158 156 157 
68 158 87 159 156 
69 89 162 161 147 
70 162 74 163 161 
71 161 163 90 153 
72 147 161 153 87 
73 87 165 164 159 
74 165 153 166 164 
75 164 166 152 167 
76 6 95 168 169 
77 95 14 36 168 
78 168 36 19 170 
79 169 168 170 20 
80 14 99 171 172 
81 99 27 52 171 
82 171 52 35 173 
83 172 171 173 36 
84 27 103 174 175 
85 103 43 68 174 
86 174 68 51 176 
87 175 174 176 52 
88 43 107 177 178 
89 177 84 67 179 
90 178 177 179 68 
91 180 116 83 182 
92 181 180 182 84 
93 75 123 183 184 
94 123 91 185 183 
95 183 185 115 186 
96 184 183 186 116 
97 187 189 91 190 
98 188 187 190 123 
99 156 193 191 192 
100 193 159 194 191 
101 5 151 196 117 
102 151 82 197 196 
103 196 197 112 198 
104 117 196 198 85 
105 91 155 199 185 
106 155 5 200 199 
107 199 200 117 201 
108 185 199 201 115 
109 167 152 203 202 
110 202 203 155 204 
111 189 202 204 91 
112 159 206 205 194 
113 206 164 207 205 
114 205 207 167 208 
115 194 205 208 122 
116 160 195 209 210 
117 195 122 211 209 
118 209 211 189 212 
119 210 209 212 187 
120 191 215 213 214 
121 215 194 216 213 
122 213 216 122 217 
123 214 213 217 195 
124 88 224 222 223 
125 224 121 157 222 
126 157 228 226 227 
127 228 156 192 226 
128 226 192 160 229 
129 227 226 229 119 
130 192 232 230 231 
131 232 191 214 230 
132 230 214 195 233 
133 231 230 233 160 
134 234 188 123 236 
135 235 234 236 75 
136 111 221 237 238 
137 221 75 184 237 
138 237 184 116 239 
139 238 237 239 180 
140 240 235 75 243 
141 241 240 243 221 
142 120 246 244 245 
143 246 225 247 244 
144 244 247 234 248 
145 245 244 248 235 
146 55 251 249 250 
147 251 73 141 249 
148 249 141 71 110 
149 250 249 110 72 
150 110 254 252 253 
151 254 71 145 252 
152 252 145 88 220 
153 253 252 220 108 
154 220 257 255 256 
155 257 88 223 255 
156 242 260 258 259 
157 260 120 245 258 
158 258 245 235 261 
159 259 258 261 240 
160 104 264 262 263 
161 264 72 109 262 
162 262 109 59 265 
163 263 262 265 107 
164 109 268 266 267 
165 268 108 219 266 
166 266 219 111 269 
167 267 266 269 59 
168 108 272 270 271 
169 272 220 256 270 
170 271 270 273 219 
171 256 276 274 275 
172 276 255 277 274 
173 274 277 242 278 
174 219 273 279 280 
175 279 241 221 281 
176 280 279 281 111 
177 270 284 282 283 
178 284 256 275 282 
179 282 275 218 285 
180 283 282 285 273 
181 278 242 259 286 
182 286 259 240 288 
183 287 286 288 241 
184 275 291 289 290 
185 291 274 292 289 
186 289 292 278 293 
187 290 289 293 218 
188 273 285 294 295 
189 285 218 287 294 
190 294 287 241 296 
191 295 294 296 279 
192 218 293 297 298 
193 293 278 299 297 
194 297 299 286 300 
195 298 297 300 287 
196 301 303 188 304 
197 247 301 304 234 
198 222 307 305 306 
199 307 157 227 305 
200 305 227 119 302 
201 306 305 302 225 
202 225 310 308 309 
203 310 302 311 308 
204 308 311 301 312 
205 309 308 312 247 
206 229 160 210 313 
207 313 210 187 314 
208 303 313 314 188 
209 119 317 315 316 
210 317 229 318 315 
211 315 318 313 319 
212 316 315 319 303 
213 15 321 320 33 
214 321 17 322 320 
215 320 322 8 323 
216 33 320 323 18 
217 31 325 324 49 
218 325 33 326 324 
219 324 326 18 327 
220 49 324 327 34 
221 329 49 330 328 
222 328 330 34 331 
223 18 323 336 45 
224 323 8 337 336 
225 336 337 29 338 
226 45 336 338 28 
227 34 327 339 61 
228 327 18 340 339 
229 339 340 45 341 
230 61 339 341 44 
231 331 34 343 342 
232 342 343 61 344 
233 77 342 344 60 
234 345 346 77 347 
235 113 345 347 76 
236 79 354 353 150 
237 150 353 355 82 
238 66 352 356 357 
239 352 335 358 356 
240 356 358 345 359 
241 357 356 359 113 
242 360 363 352 364 
243 361 360 364 66 
244 7 366 365 127 
245 366 16 367 365 
246 365 367 15 32 
247 127 365 32 13 
248 13 369 368 131 
249 369 32 370 368 
250 368 370 31 48 
251 131 368 48 26 
252 26 372 371 135 
253 372 48 373 371 
254 371 373 47 64 
255 135 371 64 42 
256 64 376 374 375 
257 376 47 377 374 
258 374 377 65 333 
259 375 374 333 63 
260 63 380 378 379 
261 380 333 381 378 
262 378 381 332 350 
263 379 378 350 81 
264 81 384 382 383 
265 384 350 385 382 
266 65 387 386 334 
267 387 328 388 386 
268 386 388 331 389 
269 334 386 389 50 
270 332 391 390 351 
271 391 334 392 390 
272 390 392 50 393 
273 351 390 393 335 
274 348 395 394 363 
275 395 351 396 394 
276 394 396 335 397 
277 363 394 397 352 
278 400 348 401 398 
279 398 401 363 402 
280 399 398 402 360 
281 82 355 403 197 
282 355 66 357 403 
283 403 357 113 404 
284 197 403 404 112 
285 353 407 405 406 
286 407 349 361 405 
287 405 361 66 408 
288 406 405 408 355 
289 349 411 409 410 
290 411 362 399 409 
291 409 399 360 412 
292 410 409 412 361 
293 350 414 413 385 
294 414 332 415 413 
295 413 415 351 395 
296 385 413 395 348 
297 382 418 416 417 
298 418 385 419 416 
299 416 419 348 400 
300 417 416 400 362 
301 362 422 420 421 
302 422 400 423 420 
303 420 423 398 424 
304 421 420 424 399 
305 1 427 425 426 
306 427 12 125 425 
307 425 125 10 94 
308 426 425 94 11 
309 16 429 428 367 
310 429 2 430 428 
311 428 430 17 321 
312 367 428 321 15 
313 10 433 431 432 
314 433 25 129 431 
315 431 129 23 98 
316 432 431 98 24 
317 32 435 434 370 
318 435 15 436 434 
319 434 436 33 325 
320 370 434 325 31 
321 23 439 437 438 
322 439 41 133 437 
323 437 133 39 102 
324 438 437 102 40 
325 48 441 440 373 
326 441 31 442 440 
327 440 442 49 329 
328 373 440 329 47 
329 39 445 443 444 
330 445 57 137 443 
331 443 137 55 106 
332 444 443 106 56 
333 42 447 446 139 
334 447 64 375 446 
335 446 375 63 80 
336 139 446 80 58 
337 58 449 448 143 
338 449 80 450 448 
339 448 450 79 149 
340 143 448 149 74 
341 80 452 451 450 
342 452 63 379 451 
343 451 379 81 354 
344 450 451 354 79 
345 106 455 453 454 
346 455 55 250 453 
347 453 250 72 264 
348 454 453 264 104 
349 72 458 456 457 
350 458 110 253 456 
351 456 253 108 268 
352 457 456 268 109 
353 107 265 459 460 
354 265 59 181 459 
355 459 181 84 461 
356 460 459 461 177 
357 59 269 462 463 
358 269 111 238 462 
359 462 238 180 464 
360 463 462 464 181 
361 122 208 465 211 
362 208 167 466 465 
363 465 466 202 467 
364 211 465 467 189 
365 223 470 468 469 
366 470 222 306 468 
367 468 306 225 246 
368 469 468 246 120 
369 255 472 471 277 
370 472 223 469 471 
371 471 469 120 260 
372 277 471 260 242 
373 302 474 473 311 
374 474 119 316 473 
375 473 316 303 475 
376 311 473 475 301 
377 47 477 476 377 
378 477 329 478 476 
379 476 478 328 387 
380 377 476 387 65 
381 333 480 479 381 
382 480 65 481 479 
383 479 481 334 391 
384 381 479 391 332 
385 50 389 482 346 
386 389 331 483 482 
387 482 483 342 484 
388 346 482 484 77 
389 335 393 485 358 
390 393 50 486 485 
391 485 486 346 487 
392 358 485 487 345 
393 354 490 488 489 
394 490 81 383 488 
395 488 383 349 407 
396 489 488 407 353 
397 383 493 491 492 
398 493 382 417 491 
399 491 417 362 411 
400 492 491 411 349 
