2 0.000000 100.000000 5791.461216
439 358 
1 -12.499833 0.000000 -12.510604 99.994841 -0.000000 0.000884 0.000103 
2 13.535932 0.000000 -12.510604 99.995275 -0.000001 -0.030605 0.000094 
3 13.535932 0.000000 12.703090 100.004620 -0.000003 -0.029141 -0.000092 
4 -12.499833 0.000000 12.703090 100.005055 -0.000000 0.000900 -0.000101 
5 0.518049 0.000000 0.096243 100.743489 -0.000102 -8.313552 -0.021837 
6 -12.499833 0.000000 0.096243 99.999953 -0.000000 0.007213 0.000001 
7 0.518049 0.000000 -12.510604 99.985292 -0.000000 -0.015654 0.000294 
8 13.535932 0.000000 0.096243 99.999954 0.000772 -4.114466 -0.001692 
9 0.518049 0.000000 12.703090 100.014214 -0.000001 -0.014906 -0.000284 
10 -5.990892 0.000000 -6.207181 99.978357 -0.000000 0.003244 0.000433 
11 -12.499833 0.000000 -6.207181 99.994789 -0.000000 0.004257 0.000104 
12 -5.990892 0.000000 -12.510604 99.989315 -0.000000 -0.003087 0.000214 
13 0.518049 0.000000 -6.207181 99.941143 0.000001 -0.065898 0.001176 
14 -5.990892 0.000000 0.096243 99.999717 -0.000001 0.030449 0.000006 
15 7.026991 0.000000 -6.207181 99.981790 0.000002 -0.122676 0.000363 
16 7.026991 0.000000 -12.510604 99.990055 -0.000001 -0.027326 0.000199 
17 13.535932 0.000000 -6.207181 99.995449 0.000001 -0.122469 0.000090 
18 7.026991 0.000000 0.096243 99.999296 0.000776 -4.132190 -0.001693 
19 -5.990892 0.000000 6.399666 100.020818 -0.000001 0.003338 -0.000416 
20 -12.499833 0.000000 6.399666 100.005087 -0.000000 0.004239 -0.000102 
21 0.518049 0.000000 6.399666 100.055069 -0.000006 -0.060160 -0.001102 
22 -5.990892 0.000000 12.703090 100.010386 -0.000001 -0.002925 -0.000208 
23 -2.736421 0.000000 -3.055469 99.906339 -0.000000 0.010781 0.001872 
24 -5.990892 0.000000 -3.055469 99.977628 -0.000001 0.017558 0.000447 
25 -2.736421 0.000000 -6.207181 99.955623 -0.000000 -0.014125 0.000887 
26 0.518049 0.000000 -3.055469 99.771978 0.000012 -0.274979 0.004548 
27 -2.736421 0.000000 0.096243 99.998895 -0.000002 0.134786 0.000020 
28 7.026991 0.000000 6.399666 100.017371 -0.000016 -0.111578 -0.000349 
29 13.535932 0.000000 6.399666 100.004406 -0.000018 -0.111144 -0.000089 
30 7.026991 0.000000 12.703090 100.009654 -0.000003 -0.026009 -0.000193 
31 3.772520 0.000000 -3.055469 99.932631 0.000039 -0.468985 0.001325 
32 3.772520 0.000000 -6.207181 99.961455 0.000002 -0.110711 0.000770 
33 7.026991 0.000000 -3.055469 99.982755 0.000036 -0.466903 0.000323 
34 3.772520 0.000000 0.096243 99.992894 0.000803 -4.193387 -0.001616 
35 -2.736421 0.000000 3.247954 100.087255 -0.000004 0.011112 -0.001746 
36 -5.990892 0.000000 3.247954 100.021450 -0.000001 0.017334 -0.000429 
37 0.518049 0.000000 3.247954 100.201923 -0.000023 -0.234941 -0.004048 
38 -2.736421 0.000000 6.399666 100.042004 -0.000003 -0.012882 -0.000840 
39 -1.109186 0.000000 -1.479613 99.585614 0.000000 0.026784 0.008270 
40 -2.736421 0.000000 -1.479613 99.899135 -0.000001 0.074718 0.002016 
41 -1.109186 0.000000 -3.055469 99.813456 0.000003 -0.067833 0.003727 
42 0.518049 0.000000 -1.479613 99.229096 0.000021 -1.004560 0.015258 
43 -1.109186 0.000000 0.096243 100.013184 -0.000005 0.630069 -0.000303 
44 3.772520 0.000000 3.247954 100.060847 -0.000072 -0.396280 -0.001233 
45 7.026991 0.000000 3.247954 100.015990 -0.000088 -0.391873 -0.000335 
46 3.772520 0.000000 6.399666 100.036316 -0.000012 -0.100765 -0.000727 
47 2.145285 0.000000 -1.479613 99.770493 0.000184 -1.488773 0.004363 
48 2.145285 0.000000 -3.055469 99.858116 0.000030 -0.430890 0.002817 
49 3.772520 0.000000 -1.479613 99.938346 0.000211 -1.463616 0.001018 
50 2.145285 0.000000 0.096243 99.966144 -0.000124 -4.371685 -0.001234 
51 -1.109186 0.000000 1.672098 100.366238 -0.000009 0.025193 -0.007338 
52 -2.736421 0.000000 1.672098 100.094207 -0.000003 0.071595 -0.001886 
53 0.518049 0.000000 1.672098 100.639201 -0.000053 -0.803349 -0.012889 
54 -1.109186 0.000000 3.247954 100.168030 -0.000008 -0.058973 -0.003364 
55 -0.295568 0.000000 -0.691685 98.258579 -0.000024 0.022709 0.034525 
56 -1.109186 0.000000 -0.691685 99.530014 -0.000003 0.327098 0.009367 
57 -0.295568 0.000000 -1.479613 99.255943 0.000010 -0.320368 0.014816 
58 0.518049 0.000000 -0.691685 98.127173 -0.000102 -2.714252 0.036369 
59 -0.295568 0.000000 0.096243 100.489060 -0.000023 3.371324 -0.010942 
60 2.145285 0.000000 1.672098 100.184667 -0.000228 -1.171510 -0.003834 
61 3.772520 0.000000 1.672098 100.051452 -0.000333 -1.138339 -0.001159 
62 2.145285 0.000000 3.247954 100.126638 -0.000050 -0.367267 -0.002548 
63 1.331667 0.000000 -0.691685 99.444379 0.000101 -3.158474 0.010084 
64 1.331667 0.000000 -1.479613 99.547806 0.000086 -1.397615 0.008828 
65 2.145285 0.000000 -0.691685 99.806131 0.000828 -3.037403 0.002951 
66 1.331667 0.000000 0.096243 100.018437 0.001642 -4.803955 -0.002677 
67 -0.295568 0.000000 0.884171 101.413307 -0.000021 -0.052027 -0.028466 
68 -1.109186 0.000000 0.884171 100.432163 -0.000007 0.289342 -0.008670 
69 0.518049 0.000000 0.884171 101.497400 0.000003 -2.078251 -0.030604 
70 -0.295568 0.000000 1.672098 100.625887 -0.000026 -0.264865 -0.012564 
71 0.111241 0.000000 -0.297721 94.368351 -0.000138 -1.492587 0.109239 
72 -0.295568 0.000000 -0.297721 97.728576 -0.000039 1.419830 0.044711 
73 0.111241 0.000000 -0.691685 97.604883 -0.000045 -1.292562 0.047162 
74 0.518049 0.000000 -0.297721 97.277537 -0.000379 -5.391785 0.050801 
75 0.111241 0.000000 0.096243 99.431067 -0.001467 -0.030656 0.011346 
76 1.331667 0.000000 0.884171 100.467755 -0.000202 -2.527211 -0.010016 
77 2.145285 0.000000 0.884171 100.134546 -0.000633 -2.402776 -0.003270 
78 1.331667 0.000000 1.672098 100.380228 -0.000120 -1.115454 -0.007743 
79 0.924858 0.000000 -0.297721 99.125327 -0.001764 -4.919536 0.014997 
80 0.924858 0.000000 -0.691685 98.966480 -0.000125 -3.151259 0.019571 
81 1.331667 0.000000 -0.297721 99.609016 -0.000201 -4.489706 0.005789 
82 0.924858 0.000000 0.096243 100.116142 -0.000106 -5.582812 -0.005441 
83 0.111241 0.000000 0.490207 104.024830 0.000034 -1.379518 -0.082307 
84 -0.295568 0.000000 0.490207 102.041108 -0.000010 0.919806 -0.041323 
85 0.518049 0.000000 0.490207 102.289901 0.000085 -4.019419 -0.047938 
86 0.111241 0.000000 0.884171 101.880572 -0.000008 -1.039024 -0.038073 
87 0.314645 0.000000 -0.100739 98.168466 -0.000333 -17.776118 0.004696 
88 0.111241 0.000000 -0.100739 97.595701 -0.001438 -0.898964 0.047427 
89 0.314645 0.000000 -0.297721 95.274766 -0.000246 -4.425088 0.090314 
90 0.518049 0.000000 -0.100739 97.919073 -0.000189 -7.838911 0.035041 
91 0.314645 0.000000 0.096243 100.241250 -0.000365 -17.352011 -0.034940 
92 -9.245362 0.000000 -3.055469 99.992421 -0.000000 0.010246 0.000152 
93 -12.499833 0.000000 -3.055469 99.996667 -0.000000 0.006298 0.000067 
94 -9.245362 0.000000 -6.207181 99.989832 -0.000000 0.005140 0.000203 
95 -9.245362 0.000000 0.096243 99.999898 -0.000001 0.013059 0.000002 
96 -4.363657 0.000000 -1.479613 99.966588 -0.000001 0.043458 0.000668 
97 -5.990892 0.000000 -1.479613 99.985531 -0.000001 0.026472 0.000289 
98 -4.363657 0.000000 -3.055469 99.956006 -0.000001 0.020835 0.000880 
99 -4.363657 0.000000 0.096243 99.999472 -0.000001 0.056018 0.000010 
100 -1.922804 0.000000 -0.691685 99.844539 -0.000002 0.192550 0.003103 
101 -2.736421 0.000000 -0.691685 99.933833 -0.000001 0.116504 0.001322 
102 -1.922804 0.000000 -1.479613 99.795693 0.000001 0.092323 0.004081 
103 -1.922804 0.000000 0.096243 99.999372 -0.000003 0.252660 0.000006 
104 -0.702377 0.000000 -0.297721 99.254522 -0.000011 0.937703 0.014766 
105 -1.109186 0.000000 -0.297721 99.690158 -0.000004 0.542011 0.006158 
106 -0.702377 0.000000 -0.691685 99.093919 0.000001 0.350137 0.018027 
107 -0.702377 0.000000 0.096243 100.067656 -0.000010 1.252345 -0.001510 
108 -0.092164 0.000000 -0.100739 89.576562 -0.002559 18.724834 0.162542 
109 -0.295568 0.000000 -0.100739 98.391774 -0.000032 2.849957 0.031094 
110 -0.092164 0.000000 -0.297721 95.903247 -0.000063 0.918896 0.080172 
111 -0.092164 0.000000 0.096243 93.219622 -0.002381 18.697418 0.096051 
112 0.924858 0.000000 0.490207 100.880502 0.000104 -3.993764 -0.019283 
113 1.331667 0.000000 0.490207 100.350702 -0.000133 -3.707956 -0.008401 
114 0.924858 0.000000 0.884171 100.879956 -0.000038 -2.482348 -0.018293 
115 0.314645 0.000000 0.293225 105.143881 0.000122 -5.553912 -0.108608 
116 0.111241 0.000000 0.293225 107.261249 0.000067 -1.358846 -0.150682 
117 0.518049 0.000000 0.293225 102.323081 0.000137 -5.955693 -0.050548 
118 0.314645 0.000000 0.490207 103.471372 0.000060 -3.199863 -0.071656 
119 0.212943 0.000000 -0.002248 98.808808 -0.001029 -8.270566 0.016842 
120 0.111241 0.000000 -0.002248 95.669689 -0.001914 0.266198 0.084724 
121 0.212943 0.000000 -0.100739 100.586116 -0.001008 -9.845831 -0.021451 
122 0.314645 0.000000 -0.002248 98.877285 -0.000418 -16.924735 -0.006316 
123 0.212943 0.000000 0.096243 102.202451 -0.000996 -8.224649 -0.051299 
124 -2.736421 0.000000 -9.358893 99.977058 -0.000000 -0.011613 0.000459 
125 -5.990892 0.000000 -9.358893 99.984562 -0.000000 -0.001925 0.000309 
126 -2.736421 0.000000 -12.510604 99.986364 -0.000000 -0.008355 0.000273 
127 0.518049 0.000000 -9.358893 99.973815 -0.000000 -0.028380 0.000524 
128 -1.109186 0.000000 -4.631325 99.905444 0.000001 -0.051943 0.001890 
129 -2.736421 0.000000 -4.631325 99.934898 -0.000000 -0.010188 0.001302 
130 -1.109186 0.000000 -6.207181 99.944256 0.000000 -0.036315 0.001114 
131 0.518049 0.000000 -4.631325 99.896003 0.000004 -0.119710 0.002077 
132 -0.295568 0.000000 -2.267541 99.618895 0.000007 -0.235083 0.007602 
133 -1.109186 0.000000 -2.267541 99.721655 0.000002 -0.057081 0.005559 
134 -0.295568 0.000000 -3.055469 99.774439 0.000005 -0.161060 0.004504 
135 0.518049 0.000000 -2.267541 99.611806 0.000020 -0.484517 0.007725 
136 0.111241 0.000000 -1.085649 98.676929 -0.000005 -0.921787 0.026201 
137 -0.295568 0.000000 -1.085649 98.886451 -0.000008 -0.298314 0.022138 
138 0.111241 0.000000 -1.479613 99.172799 0.000006 -0.657175 0.016432 
139 0.518049 0.000000 -1.085649 98.826621 -0.000011 -1.578846 0.023081 
140 0.314645 0.000000 -0.494703 96.813660 -0.000131 -2.887813 0.061878 
141 0.111241 0.000000 -0.494703 96.510823 -0.000080 -1.466722 0.068351 
142 0.314645 0.000000 -0.691685 97.728603 -0.000072 -2.110691 0.044467 
143 0.518049 0.000000 -0.494703 97.653553 -0.000201 -3.730423 0.044987 
144 0.212943 0.000000 -0.199230 95.244968 -0.000407 -17.188564 0.063295 
145 0.111241 0.000000 -0.199230 84.720619 -0.003172 1.892447 0.281884 
146 0.212943 0.000000 -0.297721 94.497703 -0.000189 -3.113331 0.106049 
147 0.314645 0.000000 -0.199230 93.492691 -0.000085 -19.415816 0.088214 
148 0.721454 0.000000 -0.100739 99.112445 -0.001727 -6.461510 0.013497 
149 0.721454 0.000000 -0.297721 98.509832 -0.000559 -5.241263 0.026834 
150 0.924858 0.000000 -0.100739 99.526573 -0.001024 -5.734564 0.006158 
151 0.721454 0.000000 0.096243 100.227919 -0.000776 -6.438520 -0.008709 
152 0.416347 0.000000 -0.002248 96.380500 -0.000139 -19.776581 0.031969 
153 0.416347 0.000000 -0.100739 95.290795 -0.000068 -20.329726 0.050637 
154 0.518049 0.000000 -0.002248 79.467438 0.001215 -18.610599 0.333857 
155 0.416347 0.000000 0.096243 97.417340 -0.000079 -20.816263 0.007655 
156 0.263794 0.000000 -0.051494 99.261988 -0.000704 -14.379208 -0.005970 
157 0.212943 0.000000 -0.051494 99.492335 -0.001118 -5.872337 0.006679 
158 0.263794 0.000000 -0.100739 98.549914 -0.000612 -15.530028 0.004673 
159 0.314645 0.000000 -0.051494 98.741613 -0.000423 -16.811922 -0.003255 
160 0.263794 0.000000 -0.002248 100.361278 -0.000796 -16.914831 -0.035850 
161 0.416347 0.000000 -0.199230 95.989480 -0.000360 -6.671288 0.074151 
162 0.416347 0.000000 -0.297721 96.325282 -0.000308 -5.155143 0.069486 
163 0.518049 0.000000 -0.199230 97.355001 -0.000575 -6.567355 0.047887 
164 0.365496 0.000000 -0.051494 97.212905 -0.000213 -18.935768 0.019109 
165 0.365496 0.000000 -0.100739 95.736955 -0.000226 -18.750411 0.048286 
166 0.416347 0.000000 -0.051494 96.331767 -0.000140 -19.736754 0.033065 
167 0.365496 0.000000 -0.002248 98.034003 -0.000292 -18.099382 0.006175 
168 -9.245362 0.000000 3.247954 100.007320 -0.000001 0.010181 -0.000146 
169 -12.499833 0.000000 3.247954 100.003226 -0.000000 0.006276 -0.000065 
170 -9.245362 0.000000 6.399666 100.009875 -0.000001 0.005119 -0.000198 
171 -4.363657 0.000000 1.672098 100.031712 -0.000002 0.042701 -0.000635 
172 -5.990892 0.000000 1.672098 100.013756 -0.000001 0.026223 -0.000275 
173 -4.363657 0.000000 3.247954 100.041776 -0.000002 0.020484 -0.000836 
174 -1.922804 0.000000 0.884171 100.145953 -0.000005 0.183340 -0.002925 
175 -2.736421 0.000000 0.884171 100.062145 -0.000003 0.113487 -0.001245 
176 -1.922804 0.000000 1.672098 100.182344 -0.000004 0.080542 -0.003651 
177 -0.702377 0.000000 0.490207 100.743285 -0.000009 0.792855 -0.014984 
178 -1.109186 0.000000 0.490207 100.309884 -0.000005 0.501847 -0.006232 
179 -0.702377 0.000000 0.884171 100.801859 -0.000017 0.277068 -0.016109 
180 -0.092164 0.000000 0.293225 104.446171 0.000016 2.203357 -0.091386 
181 -0.295568 0.000000 0.293225 101.919149 -0.000011 2.119492 -0.039201 
182 -0.092164 0.000000 0.490207 103.233651 0.000008 0.299245 -0.065728 
183 0.212943 0.000000 0.194734 105.990101 -0.000842 -13.924388 -0.142779 
184 0.111241 0.000000 0.194734 107.928046 -0.001692 6.824378 -0.169504 
185 0.314645 0.000000 0.194734 98.059435 -0.000113 -20.884600 -0.005182 
186 0.212943 0.000000 0.293225 106.728909 0.000097 -3.938988 -0.140658 
187 0.263794 0.000000 0.046997 100.758103 -0.000709 -13.395593 -0.033164 
188 0.212943 0.000000 0.046997 100.915317 -0.001055 -6.813318 -0.023032 
189 0.314645 0.000000 0.046997 99.215818 -0.000434 -16.858001 -0.012797 
190 0.263794 0.000000 0.096243 100.695559 -0.000627 -14.744616 -0.035700 
191 0.289219 0.000000 -0.026871 99.510707 -0.000554 -15.381853 -0.013898 
192 0.263794 0.000000 -0.026871 100.215541 -0.000696 -13.518646 -0.022591 
193 0.289219 0.000000 -0.051494 98.418799 -0.000556 -16.005063 0.005758 
194 0.314645 0.000000 -0.026871 98.777988 -0.000418 -16.887969 -0.004229 
195 0.289219 0.000000 -0.002248 101.834930 -0.000754 -23.898773 -0.094150 
196 0.721454 0.000000 0.293225 101.106544 0.000805 -5.339688 -0.025105 
197 0.924858 0.000000 0.293225 100.621373 0.000425 -4.836795 -0.014806 
198 0.721454 0.000000 0.490207 101.394808 0.000104 -4.110787 -0.029781 
199 0.416347 0.000000 0.194734 103.296364 0.000156 -7.996825 -0.073409 
200 0.518049 0.000000 0.194734 101.840554 0.000195 -7.204404 -0.042340 
201 0.416347 0.000000 0.293225 103.512054 0.000135 -6.061308 -0.075148 
202 0.365496 0.000000 0.046997 98.912856 -0.000237 -18.796113 -0.013705 
203 0.416347 0.000000 0.046997 96.511547 -0.000146 -19.797677 0.029357 
204 0.365496 0.000000 0.096243 97.760652 -0.000237 -18.967965 0.008307 
205 0.340070 0.000000 -0.026871 98.027711 -0.000300 -18.048203 0.006483 
206 0.340070 0.000000 -0.051494 98.002918 -0.000304 -17.993160 0.007167 
207 0.365496 0.000000 -0.026871 96.660066 -0.000280 -18.235861 0.032428 
208 0.340070 0.000000 -0.002248 98.106529 -0.000300 -18.080150 0.004822 
209 0.289219 0.000000 0.022374 99.807512 -0.000560 -15.394871 -0.019854 
210 0.263794 0.000000 0.022374 102.745913 -0.000659 -16.109166 -0.081623 
211 0.314645 0.000000 0.022374 99.031141 -0.000424 -16.913690 -0.009324 
212 0.289219 0.000000 0.046997 100.009791 -0.000570 -15.302601 -0.023613 
213 0.301932 0.000000 -0.014560 89.724123 0.000550 -18.398975 0.161106 
214 0.289219 0.000000 -0.014560 98.513979 -0.000715 -17.293275 -0.000406 
215 0.301932 0.000000 -0.026871 98.384321 -0.000533 -16.195931 0.005822 
216 0.314645 0.000000 -0.014560 98.819840 -0.000417 -16.912042 -0.005138 
217 0.301932 0.000000 -0.002248 96.680552 0.000430 -19.919728 0.025608 
218 0.009538 0.000000 -0.002248 91.487838 -0.003379 -3.598417 0.161703 
219 -0.092164 0.000000 -0.002248 93.885231 -0.002351 16.438289 0.091535 
220 0.009538 0.000000 -0.100739 96.215355 -0.002167 11.227815 0.061654 
221 0.009538 0.000000 0.096243 97.715432 -0.002082 11.830032 0.031174 
222 0.162092 0.000000 -0.051494 98.286610 -0.001303 -3.107028 0.033009 
223 0.111241 0.000000 -0.051494 97.939926 -0.001459 -0.550718 0.040747 
224 0.162092 0.000000 -0.100739 97.898015 -0.001307 -2.985206 0.040707 
225 0.162092 0.000000 -0.002248 96.827865 -0.001339 -3.799233 0.060993 
226 0.238368 0.000000 -0.026871 99.052561 -0.000946 -10.458783 0.007920 
227 0.212943 0.000000 -0.026871 97.351511 -0.001157 -5.486788 0.049258 
228 0.238368 0.000000 -0.051494 100.739717 -0.000843 -11.197654 -0.027388 
229 0.238368 0.000000 -0.002248 99.726515 -0.000878 -12.245206 -0.009532 
230 0.276507 0.000000 -0.014560 98.530940 -0.000803 -15.893235 0.003906 
231 0.263794 0.000000 -0.014560 98.181817 -0.000791 -13.653746 0.017391 
232 0.276507 0.000000 -0.026871 99.218686 -0.000673 -14.665195 -0.005942 
233 0.276507 0.000000 -0.002248 102.276177 -0.000828 -21.791108 -0.093527 
234 0.162092 0.000000 0.046997 103.664366 -0.001176 -4.775046 -0.076910 
235 0.111241 0.000000 0.046997 104.540809 -0.001327 -0.829413 -0.092947 
236 0.162092 0.000000 0.096243 99.171066 -0.001284 -2.759739 0.015748 
237 0.009538 0.000000 0.194734 97.212589 -0.002251 16.775606 0.026829 
238 -0.092164 0.000000 0.194734 82.401161 -0.001425 44.999100 0.118513 
239 0.009538 0.000000 0.293225 106.231958 0.000035 1.027118 -0.128628 
240 0.060389 0.000000 0.046997 102.957584 -0.001713 7.052867 -0.065001 
241 0.009538 0.000000 0.046997 97.538644 -0.002029 10.473140 0.037653 
242 0.060389 0.000000 -0.002248 93.392452 -0.002700 5.931837 0.124266 
243 0.060389 0.000000 0.096243 99.338307 -0.001868 7.133957 0.008101 
244 0.136666 0.000000 0.022374 109.509524 -0.001194 -5.226207 -0.201965 
245 0.111241 0.000000 0.022374 104.275539 -0.001481 -0.599368 -0.087375 
246 0.136666 0.000000 -0.002248 93.210797 -0.001707 -1.758043 0.130866 
247 0.162092 0.000000 0.022374 104.928179 -0.001133 -6.347619 -0.105021 
248 0.136666 0.000000 0.046997 102.630790 -0.001300 -2.656461 -0.054014 
249 -0.092164 0.000000 -0.494703 97.046699 -0.000045 -0.170906 0.058191 
250 -0.295568 0.000000 -0.494703 97.919247 -0.000034 0.479021 0.041159 
251 -0.092164 0.000000 -0.691685 97.809675 -0.000025 -0.500838 0.043302 
252 0.009538 0.000000 -0.199230 82.901985 -0.002942 16.565077 0.285286 
253 -0.092164 0.000000 -0.199230 95.263161 -0.000072 2.150193 0.092031 
254 0.009538 0.000000 -0.297721 94.932204 -0.000095 -0.037116 0.098788 
255 0.060389 0.000000 -0.051494 98.065922 -0.001898 5.649539 0.035116 
256 0.009538 0.000000 -0.051494 95.827468 -0.002143 11.140223 0.069299 
257 0.060389 0.000000 -0.100739 97.756763 -0.001945 6.683058 0.039895 
258 0.085815 0.000000 0.022374 104.304515 -0.001669 3.380694 -0.089086 
259 0.060389 0.000000 0.022374 109.345524 -0.001478 11.058712 -0.207874 
260 0.085815 0.000000 -0.002248 94.067791 -0.002242 2.164472 0.114657 
261 0.085815 0.000000 0.046997 105.646768 -0.001503 3.464772 -0.117324 
262 -0.498973 0.000000 -0.100739 99.272300 -0.000022 1.776462 0.014185 
263 -0.702377 0.000000 -0.100739 99.599094 -0.000010 1.189313 0.007861 
264 -0.498973 0.000000 -0.297721 98.740696 -0.000023 1.219052 0.024879 
265 -0.498973 0.000000 0.096243 100.165835 -0.000021 1.929688 -0.003692 
266 -0.193866 0.000000 -0.002248 73.996471 -0.002468 21.444447 0.406466 
267 -0.295568 0.000000 -0.002248 99.334974 -0.000026 3.378515 0.012115 
268 -0.193866 0.000000 -0.100739 97.282098 -0.000034 3.707771 0.052245 
269 -0.193866 0.000000 0.096243 101.019694 -0.000012 4.916315 -0.022915 
270 -0.041313 0.000000 -0.051494 94.883439 -0.002279 14.049714 0.079974 
271 -0.092164 0.000000 -0.051494 92.234717 -0.002431 18.260695 0.115930 
272 -0.041313 0.000000 -0.100739 93.965580 -0.002385 15.744266 0.092259 
273 -0.041313 0.000000 -0.002248 95.057995 -0.002261 14.406265 0.075644 
274 0.034964 0.000000 -0.026871 97.514571 -0.001986 8.152481 0.042445 
275 0.009538 0.000000 -0.026871 96.711230 -0.002077 10.267151 0.054152 
276 0.034964 0.000000 -0.051494 97.385205 -0.001987 7.888060 0.045390 
277 0.060389 0.000000 -0.026871 98.241466 -0.001897 5.883160 0.031400 
278 0.034964 0.000000 -0.002248 91.260552 -0.003260 6.465944 0.162970 
279 -0.041313 0.000000 0.046997 95.614703 -0.002232 14.496192 0.064769 
280 -0.092164 0.000000 0.046997 94.889575 -0.002307 17.398796 0.069325 
281 -0.041313 0.000000 0.096243 96.811903 -0.002224 15.000926 0.040243 
282 -0.015887 0.000000 -0.026871 95.855207 -0.002172 12.269491 0.066124 
283 -0.041313 0.000000 -0.026871 94.916460 -0.002272 14.246973 0.078789 
284 -0.015887 0.000000 -0.051494 95.807096 -0.002177 12.030517 0.067627 
285 -0.015887 0.000000 -0.002248 96.021263 -0.002161 12.451502 0.062488 
286 0.034964 0.000000 0.022374 109.110442 -0.001452 19.132535 -0.227114 
287 0.009538 0.000000 0.022374 100.967545 -0.001757 19.941287 -0.059210 
288 0.034964 0.000000 0.046997 98.358794 -0.001937 8.327570 0.025620 
289 0.022251 0.000000 -0.014560 94.213361 -0.002762 7.432688 0.106860 
290 0.009538 0.000000 -0.014560 96.795542 -0.002072 10.376156 0.052296 
291 0.022251 0.000000 -0.026871 96.959438 -0.002069 10.001545 0.049884 
292 0.034964 0.000000 -0.014560 94.152670 -0.002644 7.398114 0.108054 
293 0.022251 0.000000 -0.002248 92.917367 -0.003144 5.593117 0.133508 
294 -0.015887 0.000000 0.022374 96.295490 -0.002145 12.534937 0.057005 
295 -0.041313 0.000000 0.022374 95.302857 -0.002247 14.495300 0.070725 
296 -0.015887 0.000000 0.046997 96.632065 -0.002128 12.499877 0.050600 
297 0.022251 0.000000 0.010063 106.386005 -0.001471 26.392722 -0.201456 
298 0.009538 0.000000 0.010063 99.887557 -0.001419 38.330534 -0.144675 
299 0.034964 0.000000 0.010063 103.048533 -0.002060 15.174963 -0.084928 
300 0.022251 0.000000 0.022374 106.376231 -0.001511 24.155294 -0.189938 
301 0.187517 0.000000 0.022374 102.685007 -0.001033 -7.604212 -0.060203 
302 0.187517 0.000000 -0.002248 99.194006 -0.001133 -6.270491 0.012123 
303 0.212943 0.000000 0.022374 103.554647 -0.000897 -10.125673 -0.082609 
304 0.187517 0.000000 0.046997 101.381397 -0.001145 -5.352355 -0.030684 
305 0.187517 0.000000 -0.026871 96.600886 -0.001249 -4.283670 0.064992 
306 0.162092 0.000000 -0.026871 97.349151 -0.001319 -3.080282 0.051365 
307 0.187517 0.000000 -0.051494 98.321337 -0.001224 -4.324082 0.031422 
308 0.174804 0.000000 0.010063 100.816802 -0.001128 -6.335501 -0.020417 
309 0.162092 0.000000 0.010063 100.969445 -0.001248 -4.900717 -0.021885 
310 0.174804 0.000000 -0.002248 95.320605 -0.001293 -4.216900 0.089620 
311 0.187517 0.000000 0.010063 101.128695 -0.001072 -7.136030 -0.027794 
312 0.174804 0.000000 0.022374 107.913169 -0.000941 -8.894082 -0.172436 
313 0.238368 0.000000 0.022374 103.213695 -0.000806 -12.472701 -0.080864 
314 0.238368 0.000000 0.046997 101.424010 -0.000845 -11.170146 -0.041160 
315 0.225656 0.000000 0.010063 104.449950 -0.000790 -13.011269 -0.107909 
316 0.212943 0.000000 0.010063 101.455534 -0.000941 -9.638273 -0.038612 
317 0.225656 0.000000 -0.002248 99.563312 -0.000945 -9.948549 -0.001183 
318 0.238368 0.000000 0.010063 105.430703 -0.000710 -15.693859 -0.136193 
319 0.225656 0.000000 0.022374 104.832055 -0.000815 -11.906546 -0.113153 
320 10.281461 0.000000 -3.055469 99.993762 0.000035 -0.460544 0.000104 
321 10.281461 0.000000 -6.207181 99.991313 0.000001 -0.123451 0.000172 
322 13.535932 0.000000 -3.055469 99.997139 0.000034 -0.457163 0.000036 
323 10.281461 0.000000 0.096243 99.999838 0.000773 -4.119203 -0.001694 
324 5.399755 0.000000 -1.479613 99.976600 0.000208 -1.441625 0.000260 
325 5.399755 0.000000 -3.055469 99.967461 0.000038 -0.470799 0.000629 
326 7.026991 0.000000 -1.479613 99.989077 0.000204 -1.429317 0.000014 
327 5.399755 0.000000 0.096243 99.998099 0.000783 -4.149345 -0.001684 
328 2.958902 0.000000 -0.691685 99.917538 0.000901 -2.964221 0.000770 
329 2.958902 0.000000 -1.479613 99.887052 0.000211 -1.478629 0.002039 
330 3.772520 0.000000 -0.691685 99.959465 0.000861 -2.924802 -0.000045 
331 2.958902 0.000000 0.096243 99.983055 0.000851 -4.248012 -0.001466 
332 1.738476 0.000000 -0.297721 99.791011 0.000414 -4.267404 0.002354 
333 1.738476 0.000000 -0.691685 99.681982 0.000539 -3.094603 0.005393 
334 2.145285 0.000000 -0.297721 99.873968 0.001428 -4.146437 0.000800 
335 1.738476 0.000000 0.096243 99.962706 -0.000711 -4.506356 -0.001285 
336 1.128263 0.000000 -0.100739 99.706293 -0.000434 -5.295072 0.003062 
337 1.128263 0.000000 -0.297721 99.442006 -0.000897 -4.662097 0.008955 
338 1.331667 0.000000 -0.100739 99.791927 0.000470 -5.026084 0.001631 
339 1.128263 0.000000 0.096243 100.061322 0.000326 -5.096695 -0.003824 
340 10.281461 0.000000 3.247954 100.005870 -0.000091 -0.385393 -0.000132 
341 13.535932 0.000000 3.247954 100.002715 -0.000092 -0.382014 -0.000069 
342 10.281461 0.000000 6.399666 100.008362 -0.000017 -0.112156 -0.000169 
343 5.399755 0.000000 1.672098 100.019932 -0.000358 -1.113952 -0.000523 
344 7.026991 0.000000 1.672098 100.009530 -0.000365 -1.101357 -0.000312 
345 5.399755 0.000000 3.247954 100.029820 -0.000084 -0.396191 -0.000612 
346 2.958902 0.000000 0.884171 100.053838 -0.000780 -2.313266 -0.001612 
347 3.772520 0.000000 0.884171 100.027485 -0.000844 -2.268924 -0.001065 
348 2.958902 0.000000 1.672098 100.092774 -0.000312 -1.157629 -0.001990 
349 1.738476 0.000000 0.490207 100.135488 -0.000724 -3.512758 -0.003946 
350 2.145285 0.000000 0.490207 100.058518 -0.000962 -3.391026 -0.002321 
351 1.738476 0.000000 0.884171 100.244291 -0.000448 -2.469955 -0.005502 
352 1.535071 0.000000 -0.100739 99.836246 -0.012548 -4.868741 0.000902 
353 1.535071 0.000000 -0.297721 99.719745 0.000084 -4.361628 0.003695 
354 1.738476 0.000000 -0.100739 99.873723 -0.013179 -4.761335 0.000257 
355 1.535071 0.000000 0.096243 99.971464 -0.000177 -4.624966 -0.001568 
356 0.619752 0.000000 -0.002248 99.482157 -0.000620 -7.407600 0.004843 
357 0.619752 0.000000 -0.100739 98.694945 -0.000479 -7.037387 0.020978 
358 0.721454 0.000000 -0.002248 99.643001 -0.001572 -6.661468 0.002690 
359 0.619752 0.000000 0.096243 100.377637 0.000034 -7.169214 -0.012707 
360 -9.245362 0.000000 -9.358893 99.990676 -0.000000 0.001528 0.000186 
361 -12.499833 0.000000 -9.358893 99.994402 -0.000000 0.002277 0.000112 
362 -9.245362 0.000000 -12.510604 99.992429 -0.000000 -0.000287 0.000151 
363 3.772520 0.000000 -9.358893 99.978650 -0.000000 -0.043975 0.000427 
364 3.772520 0.000000 -12.510604 99.986934 -0.000000 -0.022648 0.000261 
365 7.026991 0.000000 -9.358893 99.986157 -0.000000 -0.051955 0.000277 
366 10.281461 0.000000 -9.358893 99.991702 -0.000001 -0.054550 0.000166 
367 10.281461 0.000000 -12.510604 99.993048 -0.000001 -0.029673 0.000139 
368 13.535932 0.000000 -9.358893 99.994989 -0.000001 -0.055010 0.000100 
369 -4.363657 0.000000 -4.631325 99.960404 -0.000000 0.005430 0.000792 
370 -5.990892 0.000000 -4.631325 99.976256 -0.000001 0.009070 0.000475 
371 -4.363657 0.000000 -6.207181 99.968309 -0.000000 -0.001969 0.000634 
372 2.145285 0.000000 -4.631325 99.917757 0.000007 -0.178611 0.001641 
373 2.145285 0.000000 -6.207181 99.948729 0.000002 -0.093110 0.001024 
374 3.772520 0.000000 -4.631325 99.947333 0.000009 -0.207336 0.001049 
375 5.399755 0.000000 -4.631325 99.968446 0.000009 -0.216358 0.000626 
376 5.399755 0.000000 -6.207181 99.973192 0.000002 -0.119333 0.000535 
377 7.026991 0.000000 -4.631325 99.980871 0.000008 -0.217791 0.000378 
378 -1.922804 0.000000 -2.267541 99.826042 0.000001 0.017031 0.003476 
379 -2.736421 0.000000 -2.267541 99.895374 -0.000000 0.036049 0.002091 
380 -1.922804 0.000000 -3.055469 99.864174 0.000001 -0.013724 0.002715 
381 1.331667 0.000000 -2.267541 99.705774 0.000055 -0.673532 0.005830 
382 1.331667 0.000000 -3.055469 99.808047 0.000021 -0.371791 0.003822 
383 2.145285 0.000000 -2.267541 99.814307 0.000077 -0.757942 0.003653 
384 2.958902 0.000000 -2.267541 99.887516 0.000087 -0.784206 0.002187 
385 2.958902 0.000000 -3.055469 99.902234 0.000036 -0.458345 0.001933 
386 3.772520 0.000000 -2.267541 99.931274 0.000089 -0.786726 0.001312 
387 -0.702377 0.000000 -1.085649 99.241863 0.000002 0.034552 0.015105 
388 -1.109186 0.000000 -1.085649 99.524803 -0.000001 0.140512 0.009479 
389 -0.702377 0.000000 -1.479613 99.420792 0.000002 -0.090912 0.011550 
390 0.924858 0.000000 -1.085649 99.168946 0.000017 -1.962071 0.016167 
391 0.924858 0.000000 -1.479613 99.381986 0.000041 -1.258184 0.012164 
392 1.331667 0.000000 -1.085649 99.463915 0.000111 -2.103238 0.010251 
393 1.738476 0.000000 -1.085649 99.657977 0.000246 -2.134724 0.006373 
394 1.738476 0.000000 -1.479613 99.681590 0.000141 -1.459398 0.006145 
395 2.145285 0.000000 -1.085649 99.775076 0.000341 -2.133778 0.004038 
396 0.721454 0.000000 -0.494703 98.429787 -0.000282 -3.992181 0.029564 
397 0.721454 0.000000 -0.691685 98.567541 -0.000128 -3.040596 0.027519 
398 0.924858 0.000000 -0.494703 98.947856 -0.000320 -3.993415 0.019337 
399 1.128263 0.000000 -0.494703 99.288552 -0.000223 -3.892941 0.012663 
400 1.128263 0.000000 -0.691685 99.246911 -0.000054 -3.175570 0.013997 
401 1.331667 0.000000 -0.494703 99.496141 0.000038 -3.803332 0.008605 
402 -0.498973 0.000000 -0.494703 98.619452 -0.000018 0.666925 0.027376 
403 -0.702377 0.000000 -0.494703 99.109218 -0.000002 0.611784 0.017699 
404 -0.498973 0.000000 -0.691685 98.732787 -0.000014 0.266130 0.025177 
405 -0.193866 0.000000 -0.199230 96.831910 -0.000054 2.346796 0.061807 
406 -0.295568 0.000000 -0.199230 97.883707 -0.000038 2.107738 0.041434 
407 -0.193866 0.000000 -0.297721 96.908843 -0.000053 1.344472 0.060687 
408 1.128263 0.000000 0.293225 100.386887 0.001163 -4.509299 -0.009786 
409 1.331667 0.000000 0.293225 100.206024 0.000035 -4.298626 -0.005973 
410 1.128263 0.000000 0.490207 100.557412 0.000045 -3.834099 -0.012649 
411 0.619752 0.000000 -0.199230 98.204968 -0.000680 -6.244206 0.031679 
412 0.619752 0.000000 -0.297721 97.997431 -0.000463 -5.364163 0.036773 
413 0.721454 0.000000 -0.199230 98.731155 -0.001400 -5.904388 0.021730 
414 -0.498973 0.000000 0.293225 100.916720 -0.000017 1.529802 -0.018652 
415 -0.702377 0.000000 0.293225 100.491770 -0.000009 1.088157 -0.009978 
416 -0.498973 0.000000 0.490207 101.226864 -0.000009 0.951815 -0.024778 
417 -0.193866 0.000000 0.194734 102.469228 -0.000009 3.682247 -0.051350 
418 -0.295568 0.000000 0.194734 101.416527 -0.000014 2.844752 -0.029340 
419 -0.193866 0.000000 0.293225 102.924016 -0.000005 2.365090 -0.059895 
420 0.619752 0.000000 0.194734 101.123147 0.000114 -6.491665 -0.026803 
421 0.721454 0.000000 0.194734 100.742088 -0.000046 -5.946086 -0.018432 
422 0.619752 0.000000 0.293225 101.566213 0.000130 -5.654670 -0.034767 
423 0.340070 0.000000 0.022374 98.233412 -0.000305 -18.083217 0.002319 
424 0.365496 0.000000 0.022374 98.142618 -0.000297 -18.100995 0.004038 
425 0.340070 0.000000 0.046997 98.389368 -0.000313 -18.058351 -0.000657 
426 0.136666 0.000000 -0.026871 97.114936 -0.001451 -1.702722 0.056579 
427 0.111241 0.000000 -0.026871 96.864679 -0.001627 -0.201260 0.061719 
428 0.136666 0.000000 -0.051494 98.160301 -0.001383 -1.830075 0.036121 
429 0.085815 0.000000 -0.026871 98.239849 -0.001593 1.319199 0.034719 
430 0.085815 0.000000 -0.051494 98.545460 -0.001715 2.082075 0.028446 
431 0.200230 0.000000 0.010063 102.556667 -0.000958 -8.956232 -0.059808 
432 0.200230 0.000000 -0.002248 94.114979 -0.001193 -5.775756 0.110901 
433 0.200230 0.000000 0.022374 106.345936 -0.000832 -10.688885 -0.142371 
434 1.535071 0.000000 -0.494703 99.632419 0.000411 -3.725430 0.005950 
435 1.535071 0.000000 -0.691685 99.583237 0.000317 -3.127621 0.007340 
436 1.738476 0.000000 -0.494703 99.724470 0.000806 -3.661467 0.004162 
437 1.535071 0.000000 0.293225 100.106849 -0.000378 -4.143239 -0.003855 
438 1.738476 0.000000 0.293225 100.053343 -0.000813 -4.033525 -0.002694 
439 1.535071 0.000000 0.490207 100.217184 -0.000425 -3.600298 -0.005645 
1 19 21 9 22 
2 20 19 22 4 
3 28 29 3 30 
4 21 28 30 9 
5 35 37 21 38 
6 36 35 38 19 
7 44 45 28 46 
8 37 44 46 21 
9 51 53 37 54 
10 52 51 54 35 
11 60 61 44 62 
12 53 60 62 37 
13 67 69 53 70 
14 68 67 70 51 
15 76 77 60 78 
16 69 76 78 53 
17 83 85 69 86 
18 84 83 86 67 
19 11 94 92 93 
20 94 10 24 92 
21 92 24 14 95 
22 93 92 95 6 
23 24 98 96 97 
24 98 23 40 96 
25 96 40 27 99 
26 97 96 99 14 
27 40 102 100 101 
28 102 39 56 100 
29 100 56 43 103 
30 101 100 103 27 
31 56 106 104 105 
32 105 104 107 43 
33 112 113 76 114 
34 85 112 114 69 
35 115 117 85 118 
36 116 115 118 83 
37 12 126 124 125 
38 126 7 127 124 
39 124 127 13 25 
40 125 124 25 10 
41 25 130 128 129 
42 130 13 131 128 
43 128 131 26 41 
44 129 128 41 23 
45 41 134 132 133 
46 134 26 135 132 
47 132 135 42 57 
48 133 132 57 39 
49 57 138 136 137 
50 138 42 139 136 
51 136 139 58 73 
52 137 136 73 55 
53 73 142 140 141 
54 142 58 143 140 
55 140 143 74 89 
56 141 140 89 71 
57 71 146 144 145 
58 146 89 147 144 
59 144 147 87 121 
60 145 144 121 88 
61 149 79 150 148 
62 148 150 82 151 
63 153 90 154 152 
64 152 154 5 155 
65 121 158 156 157 
66 158 87 159 156 
67 89 162 161 147 
68 162 74 163 161 
69 161 163 90 153 
70 147 161 153 87 
71 87 165 164 159 
72 165 153 166 164 
73 164 166 152 167 
74 6 95 168 169 
75 95 14 36 168 
76 168 36 19 170 
77 169 168 170 20 
78 14 99 171 172 
79 99 27 52 171 
80 171 52 35 173 
81 172 171 173 36 
82 27 103 174 175 
83 103 43 68 174 
84 174 68 51 176 
85 175 174 176 52 
86 43 107 177 178 
87 177 84 67 179 
88 178 177 179 68 
89 180 116 83 182 
90 181 180 182 84 
91 75 123 183 184 
92 123 91 185 183 
93 183 185 115 186 
94 184 183 186 116 
95 187 189 91 190 
96 188 187 190 123 
97 156 193 191 192 
98 193 159 194 191 
99 151 82 197 196 
100 196 197 112 198 
101 117 196 198 85 
102 91 155 199 185 
103 155 5 200 199 
104 199 200 117 201 
105 185 199 201 115 
106 167 152 203 202 
107 202 203 155 204 
108 189 202 204 91 
109 159 206 205 194 
110 206 164 207 205 
111 205 207 167 208 
112 194 205 208 122 
113 160 195 209 210 
114 195 122 211 209 
115 209 211 189 212 
116 210 209 212 187 
117 191 215 213 214 
118 215 194 216 213 
119 213 216 122 217 
120 214 213 217 195 
121 88 224 222 223 
122 224 121 157 222 
123 157 228 226 227 
124 228 156 192 226 
125 226 192 160 229 
126 227 226 229 119 
127 192 232 230 231 
128 232 191 214 230 
129 230 214 195 233 
130 231 230 233 160 
131 234 188 123 236 
132 235 234 236 75 
133 111 221 237 238 
134 221 75 184 237 
135 237 184 116 239 
136 238 237 239 180 
137 240 235 75 243 
138 241 240 243 221 
139 120 246 244 245 
140 246 225 247 244 
141 244 247 234 248 
142 245 244 248 235 
143 55 251 249 250 
144 251 73 141 249 
145 249 141 71 110 
146 250 249 110 72 
147 110 254 252 253 
148 254 71 145 252 
149 252 145 88 220 
150 253 252 220 108 
151 220 257 255 256 
152 257 88 223 255 
153 242 260 258 259 
154 260 120 245 258 
155 258 245 235 261 
156 259 258 261 240 
157 104 264 262 263 
158 264 72 109 262 
159 262 109 59 265 
160 263 262 265 107 
161 109 268 266 267 
162 268 108 219 266 
163 266 219 111 269 
164 267 266 269 59 
165 108 272 270 271 
166 272 220 256 270 
167 271 270 273 219 
168 256 276 274 275 
169 276 255 277 274 
170 274 277 242 278 
171 219 273 279 280 
172 279 241 221 281 
173 280 279 281 111 
174 270 284 282 283 
175 284 256 275 282 
176 282 275 218 285 
177 283 282 285 273 
178 278 242 259 286 
179 286 259 240 288 
180 287 286 288 241 
181 275 291 289 290 
182 291 274 292 289 
183 289 292 278 293 
184 290 289 293 218 
185 273 285 294 295 
186 285 218 287 294 
187 294 287 241 296 
188 295 294 296 279 
189 218 293 297 298 
190 293 278 299 297 
191 297 299 286 300 
192 298 297 300 287 
193 301 303 188 304 
194 247 301 304 234 
195 222 307 305 306 
196 307 157 227 305 
197 305 227 119 302 
198 306 305 302 225 
199 225 310 308 309 
200 310 302 311 308 
201 308 311 301 312 
202 309 308 312 247 
203 229 160 210 313 
204 313 210 187 314 
205 303 313 314 188 
206 119 317 315 316 
207 317 229 318 315 
208 315 318 313 319 
209 316 315 319 303 
210 15 321 320 33 
211 321 17 322 320 
212 320 322 8 323 
213 33 320 323 18 
214 31 325 324 49 
215 325 33 326 324 
216 324 326 18 327 
217 49 324 327 34 
218 47 329 328 65 
219 329 49 330 328 
220 328 330 34 331 
221 65 328 331 50 
222 333 65 334 332 
223 332 334 50 335 
224 79 337 336 150 
225 337 81 338 336 
226 336 338 66 339 
227 150 336 339 82 
228 18 323 340 45 
229 323 8 341 340 
230 340 341 29 342 
231 45 340 342 28 
232 34 327 343 61 
233 327 18 344 343 
234 343 344 45 345 
235 61 343 345 44 
236 50 331 346 77 
237 331 34 347 346 
238 346 347 61 348 
239 77 346 348 60 
240 335 50 350 349 
241 349 350 77 351 
242 113 349 351 76 
243 81 353 352 338 
244 353 332 354 352 
245 352 354 335 355 
246 338 352 355 66 
247 90 357 356 154 
248 357 148 358 356 
249 356 358 151 359 
250 154 356 359 5 
251 1 362 360 361 
252 362 12 125 360 
253 360 125 10 94 
254 361 360 94 11 
255 7 364 363 127 
256 364 16 365 363 
257 363 365 15 32 
258 127 363 32 13 
259 16 367 366 365 
260 367 2 368 366 
261 366 368 17 321 
262 365 366 321 15 
263 10 371 369 370 
264 371 25 129 369 
265 369 129 23 98 
266 370 369 98 24 
267 13 373 372 131 
268 373 32 374 372 
269 372 374 31 48 
270 131 372 48 26 
271 32 376 375 374 
272 376 15 377 375 
273 375 377 33 325 
274 374 375 325 31 
275 23 380 378 379 
276 380 41 133 378 
277 378 133 39 102 
278 379 378 102 40 
279 26 382 381 135 
280 382 48 383 381 
281 381 383 47 64 
282 135 381 64 42 
283 48 385 384 383 
284 385 31 386 384 
285 384 386 49 329 
286 383 384 329 47 
287 39 389 387 388 
288 389 57 137 387 
289 387 137 55 106 
290 388 387 106 56 
291 42 391 390 139 
292 391 64 392 390 
293 390 392 63 80 
294 139 390 80 58 
295 64 394 393 392 
296 394 47 395 393 
297 393 395 65 333 
298 392 393 333 63 
299 58 397 396 143 
300 397 80 398 396 
301 396 398 79 149 
302 143 396 149 74 
303 80 400 399 398 
304 400 63 401 399 
305 399 401 81 337 
306 398 399 337 79 
307 106 404 402 403 
308 404 55 250 402 
309 402 250 72 264 
310 403 402 264 104 
311 72 407 405 406 
312 407 110 253 405 
313 405 253 108 268 
314 406 405 268 109 
315 82 339 408 197 
316 339 66 409 408 
317 408 409 113 410 
318 197 408 410 112 
319 74 412 411 163 
320 412 149 413 411 
321 411 413 148 357 
322 163 411 357 90 
323 107 265 414 415 
324 265 59 181 414 
325 414 181 84 416 
326 415 414 416 177 
327 59 269 417 418 
328 269 111 238 417 
329 417 238 180 419 
330 418 417 419 181 
331 5 359 420 200 
332 359 151 421 420 
333 420 421 196 422 
334 200 420 422 117 
335 122 208 423 211 
336 208 167 424 423 
337 423 424 202 425 
338 211 423 425 189 
339 223 428 426 427 
340 428 222 306 426 
341 426 306 225 246 
342 427 426 246 120 
343 255 430 429 277 
344 430 223 427 429 
345 429 427 120 260 
346 277 429 260 242 
347 302 432 431 311 
348 432 119 316 431 
349 431 316 303 433 
350 311 431 433 301 
351 63 435 434 401 
352 435 333 436 434 
353 434 436 332 353 
354 401 434 353 81 
355 66 355 437 409 
356 355 335 438 437 
357 437 438 349 439 
358 409 437 439 113 
