2 0.000000 100.000000 5791.461216
464 385 
1 -14.924812 0.000000 -14.933221 99.997469 -0.000004 0.000434 0.000051 
2 16.156923 0.000000 -14.933221 99.997668 -0.000025 -0.014982 0.000047 
3 16.156923 0.000000 15.114527 100.002295 -0.000027 -0.014572 -0.000046 
4 -14.924812 0.000000 15.114527 100.002493 -0.000004 0.000458 -0.000050 
5 0.616056 0.000000 0.090653 84.119042 0.003501 -10.997927 0.280303 
6 -14.924812 0.000000 0.090653 99.999948 -0.000006 0.003541 0.000001 
7 0.616056 0.000000 -14.933221 99.992792 -0.000014 -0.007637 0.000144 
8 16.156923 0.000000 0.090653 99.999963 0.011408 -2.456959 -0.000603 
9 0.616056 0.000000 15.114527 100.007101 -0.000014 -0.007419 -0.000142 
10 -7.154378 0.000000 -7.421284 99.989439 -0.000014 0.001559 0.000211 
11 -14.924812 0.000000 -7.421284 99.997439 -0.000005 0.002080 0.000051 
12 -7.154378 0.000000 -14.933221 99.994768 -0.000007 -0.001506 0.000105 
13 0.616056 0.000000 -7.421284 99.971411 -0.000047 -0.031775 0.000572 
14 -7.154378 0.000000 0.090653 99.999581 -0.000021 0.014894 0.000008 
15 8.386489 0.000000 -7.421284 99.991017 -0.000094 -0.059473 0.000179 
16 8.386489 0.000000 -14.933221 99.995107 -0.000021 -0.013360 0.000098 
17 16.156923 0.000000 -7.421284 99.997745 -0.000108 -0.059410 0.000045 
18 8.386489 0.000000 0.090653 99.999602 0.011447 -2.465787 -0.000600 
19 -7.154378 0.000000 7.602590 100.010263 -0.000014 0.001756 -0.000205 
20 -14.924812 0.000000 7.602590 100.002487 -0.000005 0.002107 -0.000050 
21 0.616056 0.000000 7.602590 100.027773 -0.000052 -0.030108 -0.000556 
22 -7.154378 0.000000 15.114527 100.005155 -0.000007 -0.001425 -0.000103 
23 -3.269161 0.000000 -3.665316 99.954711 -0.000044 0.004826 0.000906 
24 -7.154378 0.000000 -3.665316 99.989006 -0.000018 0.008471 0.000220 
25 -3.269161 0.000000 -7.421284 99.978461 -0.000025 -0.006852 0.000431 
26 0.616056 0.000000 -3.665316 99.890857 -0.000147 -0.130100 0.002180 
27 -3.269161 0.000000 0.090653 99.996563 -0.000061 0.065430 0.000068 
28 8.386489 0.000000 7.602590 100.008691 -0.000105 -0.056366 -0.000174 
29 16.156923 0.000000 7.602590 100.002182 -0.000119 -0.056136 -0.000044 
30 8.386489 0.000000 15.114527 100.004818 -0.000022 -0.013006 -0.000096 
31 4.501272 0.000000 -3.665316 99.966833 -0.000306 -0.224049 0.000658 
32 4.501272 0.000000 -7.421284 99.981112 -0.000075 -0.053549 0.000377 
33 8.386489 0.000000 -3.665316 99.991430 -0.000372 -0.223225 0.000166 
34 4.501272 0.000000 0.090653 99.996648 0.011631 -2.496675 -0.000556 
35 -3.269161 0.000000 3.846622 100.043000 -0.000046 0.006409 -0.000860 
36 -7.154378 0.000000 3.846622 100.010396 -0.000018 0.008691 -0.000208 
37 0.616056 0.000000 3.846622 100.103662 -0.000169 -0.118726 -0.002076 
38 -3.269161 0.000000 7.602590 100.020943 -0.000027 -0.006215 -0.000419 
39 -1.326553 0.000000 -1.787331 99.802944 -0.000124 0.008000 0.003937 
40 -3.269161 0.000000 -1.787331 99.950387 -0.000055 0.034936 0.000992 
41 -1.326553 0.000000 -3.665316 99.910971 -0.000076 -0.032725 0.001780 
42 0.616056 0.000000 -1.787331 99.635581 -0.000364 -0.466800 0.007253 
43 -1.326553 0.000000 0.090653 99.972429 -0.000164 0.303991 0.000542 
44 4.501272 0.000000 3.846622 100.030950 -0.000386 -0.203796 -0.000623 
45 8.386489 0.000000 3.846622 100.007985 -0.000464 -0.201649 -0.000164 
46 4.501272 0.000000 7.602590 100.018302 -0.000083 -0.050869 -0.000366 
47 2.558664 0.000000 -1.787331 99.886165 -0.000661 -0.706855 0.002225 
48 2.558664 0.000000 -3.665316 99.930870 -0.000237 -0.204995 0.001378 
49 4.501272 0.000000 -1.787331 99.969229 -0.000889 -0.694921 0.000567 
50 2.558664 0.000000 0.090653 99.978777 0.012502 -2.590527 -0.000247 
51 -1.326553 0.000000 1.968637 100.180995 -0.000132 0.020492 -0.003623 
52 -3.269161 0.000000 1.968637 100.044838 -0.000056 0.036667 -0.000897 
53 0.616056 0.000000 1.968637 100.338317 -0.000388 -0.413770 -0.006795 
54 -1.326553 0.000000 3.846622 100.084652 -0.000083 -0.028091 -0.001694 
55 -0.355249 0.000000 -0.848339 99.206261 -0.000282 -0.027699 0.015812 
56 -1.326553 0.000000 -0.848339 99.766411 -0.000160 0.142030 0.004664 
57 -0.355249 0.000000 -1.787331 99.653518 -0.000803 -0.153791 0.006915 
58 0.616056 0.000000 -0.848339 99.095645 -0.000536 -1.247847 0.017850 
59 -0.355249 0.000000 0.090653 99.768175 -0.000303 1.662573 0.004355 
60 2.558664 0.000000 1.968637 100.101590 -0.001120 -0.624743 -0.002072 
61 4.501272 0.000000 1.968637 100.026173 -0.001542 -0.602311 -0.000560 
62 2.558664 0.000000 3.846622 100.065089 -0.000291 -0.187840 -0.001306 
63 1.587360 0.000000 -0.848339 99.715823 -0.000275 -1.534482 0.005440 
64 1.587360 0.000000 -1.787331 99.779670 -0.000519 -0.658286 0.004358 
65 2.558664 0.000000 -0.848339 99.901613 0.001502 -1.488272 0.001745 
66 1.587360 0.000000 0.090653 99.986481 0.001952 -2.834613 -0.000533 
67 -0.355249 0.000000 1.029645 100.722740 -0.000298 0.033066 -0.014507 
68 -1.326553 0.000000 1.029645 100.199475 -0.000152 0.158412 -0.003996 
69 0.616056 0.000000 1.029645 100.826129 -0.000621 -1.115038 -0.016715 
70 -0.355249 0.000000 1.968637 100.322599 -0.000227 -0.124606 -0.006464 
71 0.130404 0.000000 -0.378843 97.704909 -0.000416 -0.565286 0.045343 
72 -0.355249 0.000000 -0.378843 98.906323 -0.000296 0.476974 0.021731 
73 0.130404 0.000000 -0.848339 98.921262 -0.000378 -0.586482 0.021424 
74 0.616056 0.000000 -0.378843 98.493550 -0.000635 -2.528715 0.029263 
75 0.130404 0.000000 0.090653 99.850334 0.000168 2.005474 0.002589 
76 1.587360 0.000000 1.029645 100.250310 -0.001508 -1.374234 -0.005201 
77 2.558664 0.000000 1.029645 100.071441 -0.002885 -1.307973 -0.001600 
78 1.587360 0.000000 1.968637 100.200709 -0.000727 -0.586374 -0.004053 
79 1.101708 0.000000 -0.378843 99.507523 -0.000681 -2.521242 0.009190 
80 1.101708 0.000000 -0.848339 99.477522 -0.000650 -1.509627 0.010194 
81 1.587360 0.000000 -0.378843 99.785929 0.002169 -2.321087 0.003738 
82 1.101708 0.000000 0.090653 100.027967 -0.000915 -3.236486 -0.001607 
83 0.130404 0.000000 0.560149 102.335068 -0.000449 -0.559467 -0.047278 
84 -0.355249 0.000000 0.560149 100.962861 -0.000300 0.636296 -0.019390 
85 0.616056 0.000000 0.560149 101.294548 -0.000704 -2.294593 -0.026585 
86 0.130404 0.000000 1.029645 101.027273 -0.000411 -0.499506 -0.020676 
87 0.373230 0.000000 -0.144095 98.482290 0.001160 -9.273406 0.021524 
88 0.130404 0.000000 -0.144095 98.990232 -0.000013 3.188224 0.019077 
89 0.373230 0.000000 -0.378843 97.719428 -0.000513 -1.783807 0.044773 
90 0.616056 0.000000 -0.144095 98.420121 -0.000684 -4.018883 0.029733 
91 0.373230 0.000000 0.090653 99.439628 0.001108 -8.815957 0.003404 
92 1.101708 0.000000 0.560149 100.470286 -0.001105 -2.237143 -0.009928 
93 1.587360 0.000000 0.560149 100.184036 -0.001480 -2.072339 -0.004114 
94 1.101708 0.000000 1.029645 100.477319 -0.000972 -1.348582 -0.009751 
95 0.858882 0.000000 -0.144095 99.365391 -0.000825 -3.515323 0.011416 
96 0.858882 0.000000 -0.378843 99.147602 -0.000743 -2.622645 0.016287 
97 1.101708 0.000000 -0.144095 99.705686 -0.000852 -3.142075 0.004890 
98 0.858882 0.000000 0.090653 99.999250 -0.000853 -3.744670 -0.001387 
99 0.373230 0.000000 0.325401 103.240792 -0.000575 -3.383815 -0.067011 
100 0.130404 0.000000 0.325401 104.527380 -0.000453 -0.184454 -0.092601 
101 0.616056 0.000000 0.325401 101.241244 -0.000729 -3.581598 -0.026262 
102 0.373230 0.000000 0.560149 102.051889 -0.000560 -1.770619 -0.041772 
103 0.494643 0.000000 -0.026721 96.311698 0.001457 -10.799108 0.060744 
104 0.373230 0.000000 -0.026721 98.981876 0.001135 -8.772662 0.012563 
105 0.494643 0.000000 -0.144095 95.323427 0.001593 -11.157143 0.078896 
106 0.616056 0.000000 -0.026721 88.914115 0.003025 -11.490892 0.196224 
107 0.494643 0.000000 0.090653 96.528700 0.001433 -10.872572 0.056400 
108 -11.039595 0.000000 -3.665316 99.996253 -0.000010 0.004992 0.000075 
109 -14.924812 0.000000 -3.665316 99.998347 -0.000006 0.003081 0.000033 
110 -11.039595 0.000000 -7.421284 99.995016 -0.000008 0.002501 0.000100 
111 -11.039595 0.000000 0.090653 99.999877 -0.000010 0.006404 0.000002 
112 -5.211770 0.000000 -1.787331 99.983328 -0.000031 0.020869 0.000333 
113 -7.154378 0.000000 -1.787331 99.992745 -0.000020 0.012833 0.000145 
114 -5.211770 0.000000 -3.665316 99.978513 -0.000027 0.009927 0.000430 
115 -5.211770 0.000000 0.090653 99.999001 -0.000033 0.027338 0.000020 
116 -2.297857 0.000000 -0.848339 99.920413 -0.000092 0.089281 0.001590 
117 -3.269161 0.000000 -0.848339 99.965918 -0.000059 0.055306 0.000681 
118 -2.297857 0.000000 -1.787331 99.900763 -0.000077 0.041784 0.001984 
119 -2.297857 0.000000 0.090653 99.991441 -0.000096 0.122268 0.000170 
120 -0.840901 0.000000 -0.378843 99.597240 -0.000213 0.399429 0.008023 
121 -1.326553 0.000000 -0.378843 99.827724 -0.000165 0.245920 0.003437 
122 -0.840901 0.000000 -0.848339 99.564567 -0.000199 0.135111 0.008688 
123 -0.840901 0.000000 0.090653 99.938003 -0.000220 0.605352 0.001203 
124 -0.112422 0.000000 -0.144095 90.318331 -0.000340 11.162625 0.171799 
125 -0.355249 0.000000 -0.144095 98.975147 -0.000301 1.084031 0.020275 
126 -0.112422 0.000000 -0.378843 98.275096 -0.000352 0.186787 0.034197 
127 -0.112422 0.000000 0.090653 92.676007 -0.000245 11.306873 0.128331 
128 0.251817 0.000000 -0.026721 97.987745 0.000497 -1.227655 0.039689 
129 0.130404 0.000000 -0.026721 97.883934 0.000198 1.526482 0.041641 
130 0.251817 0.000000 -0.144095 101.182542 0.000689 -4.973576 -0.026264 
131 0.251817 0.000000 0.090653 100.973382 0.000626 -0.910458 -0.019645 
132 0.858882 0.000000 0.325401 100.538230 -0.000907 -3.094369 -0.011751 
133 1.101708 0.000000 0.325401 100.358102 -0.000904 -2.763892 -0.007939 
134 0.858882 0.000000 0.560149 100.756340 -0.000887 -2.322137 -0.015723 
135 0.494643 0.000000 0.208027 94.125912 0.001998 -12.962808 0.097228 
136 0.373230 0.000000 0.208027 99.428478 0.001192 -10.124894 0.001146 
137 0.616056 0.000000 0.208027 100.818030 -0.000740 -4.412152 -0.018374 
138 0.494643 0.000000 0.325401 102.047114 -0.000649 -3.726349 -0.042750 
139 0.433936 0.000000 0.031966 98.124292 0.001248 -9.708362 0.027737 
140 0.373230 0.000000 0.031966 99.149092 0.001130 -8.860774 0.009094 
141 0.433936 0.000000 -0.026721 98.009147 0.001253 -9.640815 0.030126 
142 0.494643 0.000000 0.031966 96.377020 0.001453 -10.847149 0.059381 
143 0.433936 0.000000 0.090653 98.386066 0.001220 -9.694138 0.022621 
144 -11.039595 0.000000 3.846622 100.003536 -0.000010 0.005044 -0.000071 
145 -14.924812 0.000000 3.846622 100.001558 -0.000006 0.003099 -0.000031 
146 -11.039595 0.000000 7.602590 100.004841 -0.000008 0.002568 -0.000097 
147 -5.211770 0.000000 1.968637 100.014978 -0.000032 0.021305 -0.000300 
148 -7.154378 0.000000 1.968637 100.006492 -0.000020 0.012979 -0.000130 
149 -5.211770 0.000000 3.846622 100.020352 -0.000028 0.010477 -0.000407 
150 -2.297857 0.000000 1.029645 100.065526 -0.000094 0.093403 -0.001312 
151 -3.269161 0.000000 1.029645 100.027876 -0.000060 0.056573 -0.000558 
152 -2.297857 0.000000 1.968637 100.087924 -0.000081 0.043236 -0.001759 
153 -0.840901 0.000000 0.560149 100.307075 -0.000219 0.428249 -0.006169 
154 -1.326553 0.000000 0.560149 100.124563 -0.000159 0.258891 -0.002500 
155 -0.840901 0.000000 1.029645 100.384407 -0.000209 0.172032 -0.007706 
156 -0.112422 0.000000 0.325401 102.125166 -0.000367 1.785720 -0.043274 
157 -0.355249 0.000000 0.325401 100.717774 -0.000304 1.280612 -0.014571 
158 -0.112422 0.000000 0.560149 101.703453 -0.000362 0.414073 -0.034376 
159 0.251817 0.000000 0.208027 102.133717 0.000907 -5.774530 -0.046464 
160 0.130404 0.000000 0.208027 99.494019 0.000020 5.555283 0.007008 
161 0.251817 0.000000 0.325401 104.360749 -0.000510 -2.123900 -0.089568 
162 0.312523 0.000000 0.031966 103.302891 0.000661 -9.369730 -0.075928 
163 0.251817 0.000000 0.031966 103.013496 0.000505 -4.662173 -0.063352 
164 0.312523 0.000000 -0.026721 99.802982 0.000796 -5.311771 0.001115 
165 0.312523 0.000000 0.090653 101.114427 0.000897 -6.347677 -0.026442 
166 -3.269161 0.000000 -11.177253 99.988805 -0.000015 -0.005645 0.000224 
167 -7.154378 0.000000 -11.177253 99.992457 -0.000010 -0.000939 0.000151 
168 -3.269161 0.000000 -14.933221 99.993325 -0.000010 -0.004075 0.000134 
169 0.616056 0.000000 -11.177253 99.987207 -0.000023 -0.013789 0.000256 
170 -1.326553 0.000000 -5.543300 99.954415 -0.000050 -0.024982 0.000911 
171 -3.269161 0.000000 -5.543300 99.968501 -0.000033 -0.005001 0.000630 
172 -1.326553 0.000000 -7.421284 99.972970 -0.000035 -0.017531 0.000540 
173 0.616056 0.000000 -5.543300 99.949754 -0.000076 -0.057344 0.001004 
174 -0.355249 0.000000 -2.726323 99.819985 -0.000147 -0.111230 0.003596 
175 -1.326553 0.000000 -2.726323 99.867809 -0.000101 -0.028263 0.002642 
176 -0.355249 0.000000 -3.665316 99.892497 -0.000109 -0.076444 0.002148 
177 0.616056 0.000000 -2.726323 99.815570 -0.000239 -0.226826 0.003680 
178 0.130404 0.000000 -1.317835 99.390026 -0.000335 -0.427065 0.012144 
179 -0.355249 0.000000 -1.317835 99.487057 -0.000263 -0.148961 0.010230 
180 0.130404 0.000000 -1.787331 99.614048 -0.000296 -0.305913 0.007695 
181 0.616056 0.000000 -1.317835 99.444516 -0.000431 -0.729930 0.011026 
182 0.373230 0.000000 -0.613591 98.512641 -0.000488 -1.258540 0.029368 
183 0.130404 0.000000 -0.613591 98.474406 -0.000402 -0.644364 0.030238 
184 0.373230 0.000000 -0.848339 98.945115 -0.000451 -0.949038 0.020896 
185 0.616056 0.000000 -0.613591 98.824718 -0.000589 -1.718302 0.023072 
186 0.494643 0.000000 -0.261469 97.677051 -0.000582 -2.936714 0.045057 
187 0.373230 0.000000 -0.261469 97.008163 -0.000516 -2.243138 0.058438 
188 0.494643 0.000000 -0.378843 98.073408 -0.000572 -2.266012 0.037647 
189 0.616056 0.000000 -0.261469 98.367822 -0.000651 -3.171583 0.031371 
190 0.433936 0.000000 -0.085408 97.171816 0.001245 -9.570648 0.046604 
191 0.373230 0.000000 -0.085408 99.013057 0.001120 -8.604453 0.012238 
192 0.433936 0.000000 -0.144095 96.365636 0.001328 -9.894177 0.061577 
193 0.494643 0.000000 -0.085408 96.354529 0.001443 -10.744907 0.060035 
194 0.403583 0.000000 0.002622 86.589916 0.002528 -10.019908 0.240179 
195 0.373230 0.000000 0.002622 98.801771 0.000636 -10.246943 0.013321 
196 0.403583 0.000000 -0.026721 97.995063 0.001164 -9.132563 0.031356 
197 0.433936 0.000000 0.002622 98.041001 0.001254 -9.684368 0.029418 
198 0.403583 0.000000 0.031966 98.893312 0.001168 -8.950001 0.014001 
199 0.251817 0.000000 -0.261469 96.791001 -0.000460 -1.200886 0.063006 
200 0.130404 0.000000 -0.261469 94.817693 -0.001027 4.606622 0.098838 
201 0.251817 0.000000 -0.378843 97.584286 -0.000461 -1.156091 0.047597 
202 0.312523 0.000000 -0.085408 100.005848 0.000904 -6.878326 -0.004848 
203 0.251817 0.000000 -0.085408 101.052790 0.000589 -2.846171 -0.021977 
204 0.312523 0.000000 -0.144095 99.350414 0.000953 -7.655124 0.007089 
205 0.342876 0.000000 0.002622 100.125850 0.000594 -8.676910 -0.010047 
206 0.312523 0.000000 0.002622 100.768544 0.000588 -6.740023 -0.019973 
207 0.342876 0.000000 -0.026721 99.814137 0.001028 -7.698609 -0.002213 
208 0.342876 0.000000 0.031966 101.870809 0.000850 -10.188353 -0.048146 
209 0.403583 0.000000 -0.056065 97.997933 0.001156 -9.057750 0.031436 
210 0.373230 0.000000 -0.056065 98.976460 0.001129 -8.692135 0.012811 
211 0.403583 0.000000 -0.085408 98.200490 0.001210 -9.465994 0.026706 
212 0.433936 0.000000 -0.056065 98.027752 0.001245 -9.584111 0.029870 
213 0.388406 0.000000 -0.012049 98.872083 0.001157 -8.863165 0.014576 
214 0.373230 0.000000 -0.012049 97.217475 0.000889 -5.809474 0.051501 
215 0.388406 0.000000 -0.026721 98.854775 0.001156 -8.830963 0.014975 
216 0.403583 0.000000 -0.012049 98.764946 0.001175 -8.905230 0.016618 
217 0.388406 0.000000 0.002622 95.732396 0.005025 -16.481417 0.056367 
218 0.342876 0.000000 -0.056065 99.787348 0.001024 -7.602839 -0.001532 
219 0.312523 0.000000 -0.056065 100.577000 0.000905 -6.267793 -0.015502 
220 0.342876 0.000000 -0.085408 99.107441 0.001007 -8.003828 0.011365 
221 0.358053 0.000000 -0.012049 98.266699 0.000903 -5.974613 0.030796 
222 0.342876 0.000000 -0.012049 97.928061 0.000835 -5.260276 0.038242 
223 0.358053 0.000000 -0.026721 99.643950 0.001053 -7.807449 0.001013 
224 0.358053 0.000000 0.002622 98.234310 0.000515 -6.562746 0.030695 
225 0.008991 0.000000 -0.026721 96.257719 -0.000118 7.737508 0.067458 
226 -0.112422 0.000000 -0.026721 92.204083 -0.000269 10.839416 0.138091 
227 0.008991 0.000000 -0.144095 95.824909 -0.000156 8.200819 0.075033 
228 0.008991 0.000000 0.090653 97.037011 -0.000070 8.096783 0.051826 
229 0.191110 0.000000 0.031966 103.236584 0.000534 -1.725962 -0.066077 
230 0.130404 0.000000 0.031966 108.971081 0.000864 1.893679 -0.187828 
231 0.191110 0.000000 -0.026721 97.984308 0.000348 0.153884 0.039905 
232 0.191110 0.000000 0.090653 99.168556 0.000472 -0.351150 0.016547 
233 0.191110 0.000000 -0.085408 98.448030 0.000447 -0.387606 0.030784 
234 0.130404 0.000000 -0.085408 99.081878 0.000124 1.762885 0.017967 
235 0.191110 0.000000 -0.144095 98.134330 0.000455 -0.401568 0.036949 
236 0.221463 0.000000 0.002622 97.933774 0.000331 -0.157153 0.040895 
237 0.191110 0.000000 0.002622 100.093492 0.000368 -0.524471 -0.001898 
238 0.221463 0.000000 -0.026721 98.290122 0.000453 -0.728132 0.033852 
239 0.251817 0.000000 0.002622 99.958518 0.000461 -2.455815 0.000226 
240 0.221463 0.000000 0.031966 112.048156 0.000571 -7.770227 -0.261517 
241 0.008991 0.000000 0.208027 97.167224 -0.000072 9.220243 0.047352 
242 -0.112422 0.000000 0.208027 83.482198 -0.000131 15.728446 0.278334 
243 0.008991 0.000000 0.325401 103.480497 -0.000407 1.344524 -0.071002 
244 0.069697 0.000000 0.031966 106.158394 0.000248 11.356496 -0.139857 
245 0.008991 0.000000 0.031966 96.538375 -0.000096 8.058783 0.061540 
246 0.069697 0.000000 -0.026721 98.250632 -0.000241 5.186157 0.031992 
247 0.069697 0.000000 0.090653 98.877542 -0.000003 5.582796 0.019206 
248 -0.112422 0.000000 -0.613591 98.712344 -0.000343 -0.143427 0.025585 
249 -0.355249 0.000000 -0.613591 99.048846 -0.000288 0.136363 0.018931 
250 -0.112422 0.000000 -0.848339 99.020389 -0.000327 -0.254060 0.019490 
251 0.008991 0.000000 -0.261469 96.916676 -0.001042 -13.298674 0.043030 
252 -0.112422 0.000000 -0.261469 98.008211 -0.000353 0.487040 0.039415 
253 0.008991 0.000000 -0.378843 97.967206 -0.000378 -0.124352 0.040241 
254 0.069697 0.000000 -0.085408 97.648511 -0.000065 5.837661 0.043069 
255 0.008991 0.000000 -0.085408 96.329027 -0.000125 7.380504 0.066625 
256 0.069697 0.000000 -0.144095 97.129007 -0.000089 6.635731 0.052192 
257 0.100050 0.000000 0.002622 99.543521 -0.000253 4.562543 0.007027 
258 0.069697 0.000000 0.002622 99.874695 -0.000326 6.761713 -0.002068 
259 0.100050 0.000000 -0.026721 98.519971 -0.000173 3.584936 0.028096 
260 0.130404 0.000000 0.002622 98.767795 0.000054 2.253165 0.023985 
261 0.100050 0.000000 0.031966 107.855938 0.000472 6.662515 -0.167729 
262 -0.598075 0.000000 -0.144095 99.514496 -0.000271 0.750526 0.009630 
263 -0.840901 0.000000 -0.144095 99.728678 -0.000218 0.536968 0.005390 
264 -0.598075 0.000000 -0.378843 99.345361 -0.000267 0.483886 0.013027 
265 -0.598075 0.000000 0.090653 99.891773 -0.000269 0.920083 0.002079 
266 -0.233835 0.000000 -0.026721 72.574552 -0.000395 8.142601 0.466663 
267 -0.355249 0.000000 -0.026721 99.257685 -0.000302 1.449952 0.014581 
268 -0.233835 0.000000 -0.144095 98.405749 -0.000326 1.200753 0.031487 
269 -0.233835 0.000000 0.090653 45.028105 -0.000202 22.675147 0.745831 
270 -0.051716 0.000000 0.031966 95.054714 -0.000139 9.133477 0.088118 
271 -0.112422 0.000000 0.031966 92.333818 -0.000257 11.101168 0.135123 
272 -0.051716 0.000000 -0.026721 94.852054 -0.000156 8.839148 0.092496 
273 -0.051716 0.000000 0.090653 95.645809 -0.000117 9.519060 0.076127 
274 0.039344 0.000000 0.002622 100.421717 -0.000234 8.874966 -0.016329 
275 0.008991 0.000000 0.002622 77.126561 -0.000190 20.682045 0.362375 
276 0.039344 0.000000 -0.026721 98.183711 -0.000271 5.498165 0.032973 
277 0.039344 0.000000 0.031966 103.630340 0.000154 15.696914 -0.098564 
278 -0.051716 0.000000 -0.085408 93.993506 -0.000213 9.571258 0.107361 
279 -0.112422 0.000000 -0.085408 92.324042 -0.000277 10.634299 0.136318 
280 -0.051716 0.000000 -0.144095 92.821265 -0.000303 10.026449 0.128368 
281 -0.021363 0.000000 0.002622 95.878349 -0.000115 8.017052 0.074307 
282 -0.051716 0.000000 0.002622 94.900891 -0.000149 8.999077 0.091284 
283 -0.021363 0.000000 -0.026721 95.125671 -0.000155 8.794521 0.087376 
284 -0.021363 0.000000 0.031966 96.136041 -0.000113 8.347267 0.068818 
285 0.039344 0.000000 -0.056065 97.247271 -0.000091 6.435972 0.050155 
286 0.008991 0.000000 -0.056065 96.257840 -0.000124 7.547857 0.067746 
287 0.039344 0.000000 -0.085408 97.263401 -0.000092 6.256655 0.050069 
288 0.069697 0.000000 -0.056065 98.116898 -0.000058 5.248119 0.034553 
289 0.024167 0.000000 -0.012049 101.311771 -0.000615 -0.100234 -0.026408 
290 0.008991 0.000000 -0.012049 100.085367 -0.000595 -5.812953 -0.005087 
291 0.024167 0.000000 -0.026721 96.991330 -0.000091 6.744807 0.054719 
292 0.039344 0.000000 -0.012049 99.489097 -0.000600 3.829539 0.008725 
293 0.024167 0.000000 0.002622 100.042902 -0.000298 9.010926 -0.008978 
294 0.069697 0.000000 0.149340 98.804799 -0.000005 6.344505 0.019736 
295 0.008991 0.000000 0.149340 97.621877 -0.000060 8.130158 0.040387 
296 0.130404 0.000000 0.149340 99.992666 0.000049 3.461368 -0.001051 
297 0.069697 0.000000 0.208027 98.618932 -0.000031 7.568307 0.021703 
298 0.039344 0.000000 0.061309 97.823189 -0.000047 6.940252 0.038246 
299 0.008991 0.000000 0.061309 96.781774 -0.000082 8.117824 0.056739 
300 0.069697 0.000000 0.061309 98.727991 -0.000014 5.654031 0.022082 
301 0.039344 0.000000 0.090653 98.032030 -0.000035 6.885261 0.034231 
302 0.024167 0.000000 0.017294 100.889650 0.000236 25.827286 -0.084577 
303 0.008991 0.000000 0.017294 92.659957 0.000159 28.926399 0.057740 
304 0.039344 0.000000 0.017294 105.011923 0.000211 18.935584 -0.138606 
305 0.024167 0.000000 0.031966 100.243622 0.000046 12.377242 -0.020198 
306 0.282170 0.000000 0.002622 101.815801 0.000562 -4.664055 -0.038821 
307 0.282170 0.000000 -0.026721 100.143070 0.000657 -2.828535 -0.003664 
308 0.282170 0.000000 0.031966 104.328972 0.000591 -6.570485 -0.092771 
309 0.312523 0.000000 0.149340 100.835949 0.000960 -7.335096 -0.022169 
310 0.251817 0.000000 0.149340 102.458947 0.000742 -2.849751 -0.050596 
311 0.373230 0.000000 0.149340 99.942018 0.001153 -9.197616 -0.007300 
312 0.312523 0.000000 0.208027 100.586053 0.001100 -8.944083 -0.019755 
313 0.342876 0.000000 0.061309 100.151547 0.001017 -7.767408 -0.009067 
314 0.312523 0.000000 0.061309 100.984864 0.000902 -6.427646 -0.023926 
315 0.373230 0.000000 0.061309 99.289863 0.001120 -8.853241 0.006314 
316 0.342876 0.000000 0.090653 100.296513 0.001009 -7.706209 -0.011878 
317 0.358053 0.000000 0.017294 102.264184 0.000544 -12.590717 -0.061649 
318 0.342876 0.000000 0.017294 102.557777 0.000587 -11.884188 -0.065933 
319 0.373230 0.000000 0.017294 101.587869 0.000805 -14.735068 -0.053722 
320 0.358053 0.000000 0.031966 101.089859 0.000856 -10.380225 -0.032691 
321 12.271706 0.000000 -3.665316 99.996891 -0.000391 -0.220118 0.000057 
322 12.271706 0.000000 -7.421284 99.995702 -0.000103 -0.059883 0.000086 
323 16.156923 0.000000 -3.665316 99.998573 -0.000397 -0.218456 0.000024 
324 12.271706 0.000000 0.090653 99.999892 0.011419 -2.459311 -0.000603 
325 6.443881 0.000000 -1.787331 99.988321 -0.000944 -0.683853 0.000187 
326 6.443881 0.000000 -3.665316 99.983880 -0.000350 -0.225088 0.000317 
327 8.386489 0.000000 -1.787331 99.994526 -0.000979 -0.677773 0.000064 
328 6.443881 0.000000 0.090653 99.999035 0.011492 -2.474388 -0.000593 
329 3.529968 0.000000 -0.848339 99.958942 0.001649 -1.453105 0.000610 
330 3.529968 0.000000 -1.787331 99.944163 -0.000792 -0.701074 0.001067 
331 4.501272 0.000000 -0.848339 99.979779 0.001504 -1.433261 0.000199 
332 3.529968 0.000000 0.090653 99.992211 0.011895 -2.524617 -0.000482 
333 2.073012 0.000000 -0.378843 99.882355 0.010720 -2.218670 0.001859 
334 2.073012 0.000000 -0.848339 99.836833 0.000793 -1.512417 0.003032 
335 2.558664 0.000000 -0.378843 99.932585 0.014569 -2.163981 0.000880 
336 2.073012 0.000000 0.090653 99.969475 0.010307 -2.666255 -0.000100 
337 1.344534 0.000000 -0.144095 99.828100 0.000115 -2.932791 0.002575 
338 1.344534 0.000000 -0.378843 99.690319 -0.000007 -2.407804 0.005604 
339 1.587360 0.000000 -0.144095 99.871613 0.003338 -2.813543 0.001774 
340 1.344534 0.000000 0.090653 100.019237 -0.000285 -2.971396 -0.001268 
341 12.271706 0.000000 3.846622 100.002902 -0.000483 -0.198380 -0.000062 
342 16.156923 0.000000 3.846622 100.001335 -0.000489 -0.196687 -0.000031 
343 12.271706 0.000000 7.602590 100.004158 -0.000115 -0.056649 -0.000083 
344 6.443881 0.000000 1.968637 100.010026 -0.001654 -0.589811 -0.000235 
345 8.386489 0.000000 1.968637 100.004729 -0.001691 -0.583453 -0.000129 
346 6.443881 0.000000 3.846622 100.015012 -0.000439 -0.203834 -0.000304 
347 3.529968 0.000000 1.029645 100.028519 -0.003703 -1.261895 -0.000730 
348 4.501272 0.000000 1.029645 100.014223 -0.003953 -1.239334 -0.000438 
349 3.529968 0.000000 1.968637 100.048019 -0.001387 -0.611107 -0.000998 
350 2.073012 0.000000 0.560149 100.069568 -0.001820 -1.960753 -0.001776 
351 2.558664 0.000000 0.560149 100.030686 -0.002805 -1.892306 -0.000972 
352 2.073012 0.000000 1.029645 100.129755 -0.002192 -1.343484 -0.002777 
353 1.830186 0.000000 -0.144095 99.900032 0.009754 -2.729063 0.001254 
354 1.830186 0.000000 -0.378843 99.843016 0.006339 -2.260955 0.002626 
355 2.073012 0.000000 -0.144095 99.921813 0.016149 -2.673505 0.000848 
356 1.830186 0.000000 0.090653 99.971228 0.006269 -2.732246 -0.000171 
357 -11.039595 0.000000 -11.177253 99.995435 -0.000007 0.000745 0.000091 
358 -14.924812 0.000000 -11.177253 99.997254 -0.000005 0.001113 0.000055 
359 -11.039595 0.000000 -14.933221 99.996290 -0.000005 -0.000139 0.000074 
360 4.501272 0.000000 -11.177253 99.989530 -0.000032 -0.021400 0.000209 
361 4.501272 0.000000 -14.933221 99.993584 -0.000017 -0.011061 0.000128 
362 8.386489 0.000000 -11.177253 99.993186 -0.000039 -0.025325 0.000136 
363 12.271706 0.000000 -11.177253 99.995905 -0.000044 -0.026614 0.000082 
364 12.271706 0.000000 -14.933221 99.996573 -0.000023 -0.014520 0.000069 
365 16.156923 0.000000 -11.177253 99.997524 -0.000047 -0.026847 0.000049 
366 -5.211770 0.000000 -5.543300 99.980741 -0.000023 0.002560 0.000385 
367 -7.154378 0.000000 -5.543300 99.988399 -0.000016 0.004368 0.000232 
368 -5.211770 0.000000 -7.421284 99.984579 -0.000018 -0.000979 0.000308 
369 2.558664 0.000000 -5.543300 99.959965 -0.000107 -0.085732 0.000800 
370 2.558664 0.000000 -7.421284 99.974993 -0.000061 -0.044951 0.000500 
371 4.501272 0.000000 -5.543300 99.974167 -0.000136 -0.099793 0.000516 
372 6.443881 0.000000 -5.543300 99.984441 -0.000157 -0.104294 0.000310 
373 6.443881 0.000000 -7.421284 99.986812 -0.000086 -0.057803 0.000263 
374 8.386489 0.000000 -5.543300 99.990537 -0.000170 -0.105047 0.000188 
375 -2.297857 0.000000 -2.726323 99.916471 -0.000067 0.007036 0.001670 
376 -3.269161 0.000000 -2.726323 99.949185 -0.000049 0.016675 0.001016 
377 -2.297857 0.000000 -3.665316 99.934733 -0.000057 -0.007020 0.001305 
378 1.587360 0.000000 -2.726323 99.859993 0.001012 -0.315675 0.002788 
379 1.587360 0.000000 -3.665316 99.907327 -0.000191 -0.176283 0.001849 
380 2.558664 0.000000 -2.726323 99.909349 -0.000422 -0.359442 0.001799 
381 3.529968 0.000000 -2.726323 99.944529 -0.000494 -0.371817 0.001095 
382 3.529968 0.000000 -3.665316 99.951812 -0.000278 -0.218714 0.000959 
383 4.501272 0.000000 -2.726323 99.965752 -0.000518 -0.374100 0.000671 
384 -0.840901 0.000000 -1.317835 99.643629 -0.000177 0.003246 0.007115 
385 -1.326553 0.000000 -1.317835 99.771648 -0.000136 0.057830 0.004561 
386 -0.840901 0.000000 -1.787331 99.728220 -0.000176 -0.047370 0.005428 
387 1.101708 0.000000 -1.317835 99.595440 -0.000550 -0.921242 0.007990 
388 1.101708 0.000000 -1.787331 99.702930 -0.000431 -0.588556 0.005898 
389 1.587360 0.000000 -1.317835 99.734783 -0.000616 -0.998109 0.005198 
390 2.073012 0.000000 -1.317835 99.829637 -0.000602 -1.018290 0.003301 
391 2.073012 0.000000 -1.787331 99.843498 -0.000595 -0.690413 0.003080 
392 2.558664 0.000000 -1.317835 99.889048 -0.000590 -1.017690 0.002114 
393 0.858882 0.000000 -0.613591 99.183065 -0.000678 -1.917317 0.015904 
394 0.858882 0.000000 -0.848339 99.292528 -0.000615 -1.429205 0.013895 
395 1.101708 0.000000 -0.613591 99.450281 -0.000669 -1.954774 0.010582 
396 1.344534 0.000000 -0.613591 99.626436 -0.000359 -1.927862 0.007086 
397 1.344534 0.000000 -0.848339 99.616499 -0.000566 -1.534925 0.007420 
398 1.587360 0.000000 -0.613591 99.734867 0.000564 -1.891649 0.004938 
399 1.344534 0.000000 0.325401 100.186209 -0.000981 -2.579791 -0.004393 
400 1.587360 0.000000 0.325401 100.101054 -0.000359 -2.454092 -0.002624 
401 1.344534 0.000000 0.560149 100.295911 -0.001322 -2.145095 -0.006387 
402 -0.598075 0.000000 -0.613591 99.336213 -0.000261 0.250751 0.013225 
403 -0.840901 0.000000 -0.613591 99.556218 -0.000207 0.247738 0.008850 
404 -0.598075 0.000000 -0.848339 99.407474 -0.000252 0.085357 0.011815 
405 -0.233835 0.000000 -0.261469 98.474197 -0.000325 0.703728 0.030234 
406 -0.355249 0.000000 -0.261469 98.889974 -0.000299 0.742541 0.022022 
407 -0.233835 0.000000 -0.378843 98.601431 -0.000322 0.385558 0.027761 
408 0.433936 0.000000 0.149340 97.839165 0.001265 -10.305273 0.032130 
409 0.494643 0.000000 0.149340 96.911565 0.001486 -11.740896 0.047030 
410 0.433936 0.000000 0.208027 97.218954 0.001444 -11.787388 0.040953 
411 0.403583 0.000000 0.061309 99.220012 0.001218 -9.382348 0.006736 
412 0.433936 0.000000 0.061309 98.246058 0.001236 -9.710696 0.025341 
413 0.403583 0.000000 0.090653 98.553854 0.001196 -9.666687 0.019369 
414 -0.598075 0.000000 0.325401 100.304581 -0.000269 0.815250 -0.006167 
415 -0.840901 0.000000 0.325401 100.157500 -0.000221 0.561990 -0.003184 
416 -0.598075 0.000000 0.560149 100.537083 -0.000264 0.563188 -0.010802 
417 -0.233835 0.000000 0.208027 100.675167 -0.000333 2.240697 -0.014051 
418 -0.355249 0.000000 0.208027 100.324224 -0.000304 1.577441 -0.006744 
419 -0.233835 0.000000 0.325401 101.210918 -0.000333 1.591993 -0.024618 
420 0.191110 0.000000 0.149340 98.990597 0.000484 -0.314463 0.020076 
421 0.191110 0.000000 0.208027 106.231138 0.000218 0.303396 -0.128515 
422 0.282170 0.000000 0.061309 103.107299 0.000701 -4.765573 -0.065383 
423 0.251817 0.000000 0.061309 101.641793 0.000550 -3.497308 -0.034329 
424 0.282170 0.000000 0.090653 101.853171 0.000788 -4.785234 -0.039697 
425 0.388406 0.000000 0.017294 98.950359 0.001154 -8.904993 0.012953 
426 0.403583 0.000000 0.017294 98.836789 0.001172 -8.943682 0.015130 
427 0.388406 0.000000 0.031966 99.008809 0.001151 -8.912767 0.011782 
428 0.282170 0.000000 -0.056065 101.364703 0.000740 -4.688509 -0.029679 
429 0.251817 0.000000 -0.056065 98.650686 0.000557 -1.794393 0.026482 
430 0.282170 0.000000 -0.085408 101.262356 0.000786 -4.608869 -0.027531 
431 0.160757 0.000000 0.002622 99.150891 0.000255 0.704296 0.016860 
432 0.160757 0.000000 -0.026721 97.868777 0.000232 0.933200 0.042083 
433 0.160757 0.000000 0.031966 103.599556 0.000583 -0.111623 -0.073288 
434 0.221463 0.000000 0.061309 101.059890 0.000524 -2.111730 -0.021756 
435 0.191110 0.000000 0.061309 102.269257 0.000543 -1.518091 -0.046131 
436 0.221463 0.000000 0.090653 99.186894 0.000517 -1.089882 0.016077 
437 0.160757 0.000000 0.061309 102.478953 0.000572 0.082900 -0.050194 
438 0.130404 0.000000 0.061309 101.694198 0.000454 1.651441 -0.034444 
439 0.160757 0.000000 0.090653 99.048268 0.000428 0.407975 0.018927 
440 0.221463 0.000000 -0.056065 98.687784 0.000500 -1.106370 0.025950 
441 0.191110 0.000000 -0.056065 98.635744 0.000445 -0.382707 0.027084 
442 0.221463 0.000000 -0.085408 98.507499 0.000499 -1.046165 0.029518 
443 0.160757 0.000000 -0.056065 98.485266 0.000394 0.344581 0.030053 
444 0.130404 0.000000 -0.056065 98.649145 0.000283 1.292788 0.026667 
445 0.160757 0.000000 -0.085408 98.303314 0.000398 0.271008 0.033638 
446 -0.051716 0.000000 0.149340 95.005501 -0.000152 10.365461 0.086651 
447 -0.112422 0.000000 0.149340 92.941109 -0.000181 11.870461 0.122104 
448 -0.051716 0.000000 0.208027 93.615859 -0.000164 12.000048 0.109207 
449 0.100050 0.000000 0.061309 103.373703 0.000247 5.113126 -0.071227 
450 0.100050 0.000000 0.090653 99.552990 0.000025 4.190749 0.007164 
451 0.100050 0.000000 -0.056065 98.835208 -0.000026 3.967736 0.021586 
452 0.100050 0.000000 -0.085408 98.733889 -0.000029 3.820913 0.023702 
453 -0.021363 0.000000 0.061309 95.617215 -0.000122 9.219384 0.077235 
454 -0.051716 0.000000 0.061309 95.288462 -0.000128 9.217852 0.083514 
455 -0.021363 0.000000 0.090653 95.890237 -0.000110 9.242393 0.071964 
456 -0.021363 0.000000 -0.056065 95.156965 -0.000160 8.620243 0.087084 
457 -0.051716 0.000000 -0.056065 93.871322 -0.000207 9.399610 0.109982 
458 -0.021363 0.000000 -0.085408 95.260480 -0.000162 8.475768 0.085360 
459 1.830186 0.000000 -0.613591 99.805251 0.002192 -1.859213 0.003546 
460 1.830186 0.000000 -0.848339 99.786160 0.000230 -1.524714 0.004040 
461 2.073012 0.000000 -0.613591 99.853964 0.003952 -1.832883 0.002583 
462 1.830186 0.000000 0.325401 100.048681 0.000849 -2.364470 -0.001533 
463 2.073012 0.000000 0.325401 100.022040 0.001833 -2.300272 -0.000970 
464 1.830186 0.000000 0.560149 100.112443 -0.001594 -2.010736 -0.002654 
1 19 21 9 22 
2 20 19 22 4 
3 28 29 3 30 
4 21 28 30 9 
5 35 37 21 38 
6 36 35 38 19 
7 44 45 28 46 
8 37 44 46 21 
9 51 53 37 54 
10 52 51 54 35 
11 60 61 44 62 
12 53 60 62 37 
13 67 69 53 70 
14 68 67 70 51 
15 76 77 60 78 
16 69 76 78 53 
17 83 85 69 86 
18 84 83 86 67 
19 92 93 76 94 
20 85 92 94 69 
21 74 96 95 90 
22 96 79 97 95 
23 95 97 82 98 
24 90 95 98 5 
25 99 101 85 102 
26 100 99 102 83 
27 105 90 106 103 
28 103 106 5 107 
29 11 110 108 109 
30 110 10 24 108 
31 108 24 14 111 
32 109 108 111 6 
33 24 114 112 113 
34 114 23 40 112 
35 112 40 27 115 
36 113 112 115 14 
37 40 118 116 117 
38 118 39 56 116 
39 116 56 43 119 
40 117 116 119 27 
41 56 122 120 121 
42 121 120 123 43 
43 5 98 132 101 
44 98 82 133 132 
45 132 133 92 134 
46 101 132 134 85 
47 107 5 137 135 
48 135 137 101 138 
49 136 135 138 99 
50 141 103 142 139 
51 139 142 107 143 
52 6 111 144 145 
53 111 14 36 144 
54 144 36 19 146 
55 145 144 146 20 
56 14 115 147 148 
57 115 27 52 147 
58 147 52 35 149 
59 148 147 149 36 
60 27 119 150 151 
61 119 43 68 150 
62 150 68 51 152 
63 151 150 152 52 
64 43 123 153 154 
65 153 84 67 155 
66 154 153 155 68 
67 156 100 83 158 
68 157 156 158 84 
69 159 136 99 161 
70 160 159 161 100 
71 12 168 166 167 
72 168 7 169 166 
73 166 169 13 25 
74 167 166 25 10 
75 25 172 170 171 
76 172 13 173 170 
77 170 173 26 41 
78 171 170 41 23 
79 41 176 174 175 
80 176 26 177 174 
81 174 177 42 57 
82 175 174 57 39 
83 57 180 178 179 
84 180 42 181 178 
85 178 181 58 73 
86 179 178 73 55 
87 73 184 182 183 
88 184 58 185 182 
89 182 185 74 89 
90 183 182 89 71 
91 89 188 186 187 
92 188 74 189 186 
93 186 189 90 105 
94 187 186 105 87 
95 87 192 190 191 
96 192 105 193 190 
97 190 193 103 141 
98 196 141 197 194 
99 194 197 139 198 
100 71 201 199 200 
101 201 89 187 199 
102 199 187 87 130 
103 200 199 130 88 
104 130 204 202 203 
105 204 87 191 202 
106 164 207 205 206 
107 206 205 208 162 
108 191 211 209 210 
109 211 190 212 209 
110 209 212 141 196 
111 210 209 196 104 
112 104 215 213 214 
113 215 196 216 213 
114 213 216 194 217 
115 214 213 217 195 
116 202 220 218 219 
117 220 191 210 218 
118 218 210 104 207 
119 219 218 207 164 
120 207 223 221 222 
121 223 104 214 221 
122 221 214 195 224 
123 222 221 224 205 
124 88 235 233 234 
125 235 130 203 233 
126 231 238 236 237 
127 238 128 239 236 
128 236 239 163 240 
129 237 236 240 229 
130 241 160 100 243 
131 242 241 243 156 
132 55 250 248 249 
133 250 73 183 248 
134 248 183 71 126 
135 249 248 126 72 
136 126 253 251 252 
137 253 71 200 251 
138 251 200 88 227 
139 252 251 227 124 
140 227 256 254 255 
141 256 88 234 254 
142 246 259 257 258 
143 259 129 260 257 
144 257 260 230 261 
145 258 257 261 244 
146 120 264 262 263 
147 264 72 125 262 
148 262 125 59 265 
149 263 262 265 123 
150 125 268 266 267 
151 268 124 226 266 
152 266 226 127 269 
153 267 266 269 59 
154 226 272 270 271 
155 271 270 273 127 
156 276 246 258 274 
157 274 258 244 277 
158 124 280 278 279 
159 280 227 255 278 
160 279 278 272 226 
161 272 283 281 282 
162 283 225 275 281 
163 281 275 245 284 
164 282 281 284 270 
165 255 287 285 286 
166 287 254 288 285 
167 285 288 246 276 
168 286 285 276 225 
169 225 291 289 290 
170 291 276 292 289 
171 289 292 274 293 
172 290 289 293 275 
173 228 247 294 295 
174 247 75 296 294 
175 294 296 160 297 
176 295 294 297 241 
177 245 277 298 299 
178 277 244 300 298 
179 298 300 247 301 
180 299 298 301 228 
181 275 293 302 303 
182 293 274 304 302 
183 302 304 277 305 
184 303 302 305 245 
185 128 307 306 239 
186 307 164 206 306 
187 306 206 162 308 
188 239 306 308 163 
189 131 165 309 310 
190 165 91 311 309 
191 309 311 136 312 
192 310 309 312 159 
193 162 208 313 314 
194 208 140 315 313 
195 313 315 91 316 
196 314 313 316 165 
197 205 224 317 318 
198 224 195 319 317 
199 317 319 140 320 
200 318 317 320 208 
201 15 322 321 33 
202 322 17 323 321 
203 321 323 8 324 
204 33 321 324 18 
205 31 326 325 49 
206 326 33 327 325 
207 325 327 18 328 
208 49 325 328 34 
209 47 330 329 65 
210 330 49 331 329 
211 329 331 34 332 
212 65 329 332 50 
213 334 65 335 333 
214 333 335 50 336 
215 79 338 337 97 
216 338 81 339 337 
217 337 339 66 340 
218 97 337 340 82 
219 18 324 341 45 
220 324 8 342 341 
221 341 342 29 343 
222 45 341 343 28 
223 34 328 344 61 
224 328 18 345 344 
225 344 345 45 346 
226 61 344 346 44 
227 50 332 347 77 
228 332 34 348 347 
229 347 348 61 349 
230 77 347 349 60 
231 336 50 351 350 
232 350 351 77 352 
233 93 350 352 76 
234 81 354 353 339 
235 354 333 355 353 
236 353 355 336 356 
237 339 353 356 66 
238 1 359 357 358 
239 359 12 167 357 
240 357 167 10 110 
241 358 357 110 11 
242 7 361 360 169 
243 361 16 362 360 
244 360 362 15 32 
245 169 360 32 13 
246 16 364 363 362 
247 364 2 365 363 
248 363 365 17 322 
249 362 363 322 15 
250 10 368 366 367 
251 368 25 171 366 
252 366 171 23 114 
253 367 366 114 24 
254 13 370 369 173 
255 370 32 371 369 
256 369 371 31 48 
257 173 369 48 26 
258 32 373 372 371 
259 373 15 374 372 
260 372 374 33 326 
261 371 372 326 31 
262 23 377 375 376 
263 377 41 175 375 
264 375 175 39 118 
265 376 375 118 40 
266 26 379 378 177 
267 379 48 380 378 
268 378 380 47 64 
269 177 378 64 42 
270 48 382 381 380 
271 382 31 383 381 
272 381 383 49 330 
273 380 381 330 47 
274 39 386 384 385 
275 386 57 179 384 
276 384 179 55 122 
277 385 384 122 56 
278 42 388 387 181 
279 388 64 389 387 
280 387 389 63 80 
281 181 387 80 58 
282 64 391 390 389 
283 391 47 392 390 
284 390 392 65 334 
285 389 390 334 63 
286 58 394 393 185 
287 394 80 395 393 
288 393 395 79 96 
289 185 393 96 74 
290 80 397 396 395 
291 397 63 398 396 
292 396 398 81 338 
293 395 396 338 79 
294 82 340 399 133 
295 340 66 400 399 
296 399 400 93 401 
297 133 399 401 92 
298 122 404 402 403 
299 404 55 249 402 
300 402 249 72 264 
301 403 402 264 120 
302 72 407 405 406 
303 407 126 252 405 
304 405 252 124 268 
305 406 405 268 125 
306 91 143 408 311 
307 143 107 409 408 
308 408 409 135 410 
309 311 408 410 136 
310 140 198 411 315 
311 198 139 412 411 
312 411 412 143 413 
313 315 411 413 91 
314 123 265 414 415 
315 265 59 157 414 
316 414 157 84 416 
317 415 414 416 153 
318 59 269 417 418 
319 269 127 242 417 
320 417 242 156 419 
321 418 417 419 157 
322 75 232 420 296 
323 232 131 310 420 
324 420 310 159 421 
325 296 420 421 160 
326 163 308 422 423 
327 308 162 314 422 
328 422 314 165 424 
329 423 422 424 131 
330 195 217 425 319 
331 217 194 426 425 
332 425 426 198 427 
333 319 425 427 140 
334 203 430 428 429 
335 430 202 219 428 
336 428 219 164 307 
337 429 428 307 128 
338 129 432 431 260 
339 432 231 237 431 
340 431 237 229 433 
341 260 431 433 230 
342 229 240 434 435 
343 240 163 423 434 
344 434 423 131 436 
345 435 434 436 232 
346 230 433 437 438 
347 433 229 435 437 
348 437 435 232 439 
349 438 437 439 75 
350 233 442 440 441 
351 442 203 429 440 
352 440 429 128 238 
353 441 440 238 231 
354 234 445 443 444 
355 445 233 441 443 
356 443 441 231 432 
357 444 443 432 129 
358 127 273 446 447 
359 273 228 295 446 
360 446 295 241 448 
361 447 446 448 242 
362 244 261 449 300 
363 261 230 438 449 
364 449 438 75 450 
365 300 449 450 247 
366 254 452 451 288 
367 452 234 444 451 
368 451 444 129 259 
369 288 451 259 246 
370 270 284 453 454 
371 284 245 299 453 
372 453 299 228 455 
373 454 453 455 273 
374 278 458 456 457 
375 458 255 286 456 
376 456 286 225 283 
377 457 456 283 272 
378 63 460 459 398 
379 460 334 461 459 
380 459 461 333 354 
381 398 459 354 81 
382 66 356 462 400 
383 356 336 463 462 
384 462 463 350 464 
385 400 462 464 93 
