2 0.000000 100.000000 5791.461216
554 457 
1 -14.924812 0.000000 -14.933221 99.935586 -0.000001 3.490610 0.000069 
2 16.156923 0.000000 -14.933221 99.936360 -0.000008 3.470138 0.000068 
3 16.156923 0.000000 15.114527 99.942974 -0.000013 3.467768 -0.000062 
4 -14.924812 0.000000 15.114527 99.942731 -0.000002 3.490547 -0.000073 
5 0.616056 0.000000 0.090653 83.945296 0.003464 -11.006280 0.283205 
6 -14.924812 0.000000 0.090653 99.939208 -0.000002 3.494991 -0.000006 
7 0.616056 0.000000 -14.933221 99.929198 -0.000005 3.479426 0.000205 
8 16.156923 0.000000 0.090653 100.034074 0.005867 0.759546 -0.000739 
9 0.616056 0.000000 15.114527 99.949483 -0.000006 3.479041 -0.000200 
10 -7.154378 0.000000 -7.421284 99.924431 -0.000005 3.492360 0.000291 
11 -14.924812 0.000000 -7.421284 99.935591 -0.000002 3.492951 0.000068 
12 -7.154378 0.000000 -14.933221 99.931832 -0.000003 3.487922 0.000146 
13 0.616056 0.000000 -7.421284 99.899814 -0.000014 3.445882 0.000815 
14 -7.154378 0.000000 0.090653 99.939434 -0.000008 3.511244 -0.000022 
15 8.386489 0.000000 -7.421284 99.928716 -0.000027 3.411146 0.000262 
16 8.386489 0.000000 -14.933221 99.932660 -0.000007 3.471803 0.000141 
17 16.156923 0.000000 -7.421284 99.938257 -0.000031 3.416152 0.000067 
18 8.386489 0.000000 0.090653 100.059497 0.006335 -0.005507 -0.001190 
19 -7.154378 0.000000 7.602590 99.954142 -0.000006 3.492173 -0.000303 
20 -14.924812 0.000000 7.602590 99.942784 -0.000002 3.492896 -0.000076 
21 0.616056 0.000000 7.602590 99.979658 -0.000024 3.445608 -0.000780 
22 -7.154378 0.000000 15.114527 99.946595 -0.000003 3.487777 -0.000149 
23 -3.269161 0.000000 -3.665316 99.875765 -0.000014 3.497757 0.001260 
24 -7.154378 0.000000 -3.665316 99.924039 -0.000007 3.502264 0.000292 
25 -3.269161 0.000000 -7.421284 99.909094 -0.000008 3.480616 0.000606 
26 0.616056 0.000000 -3.665316 99.788752 -0.000029 3.307400 0.003127 
27 -3.269161 0.000000 0.090653 99.939343 -0.000022 3.584288 -0.000072 
28 8.386489 0.000000 7.602590 99.953803 -0.000055 3.404402 -0.000235 
29 16.156923 0.000000 7.602590 99.945117 -0.000068 3.398648 -0.000058 
30 8.386489 0.000000 15.114527 99.946417 -0.000010 3.470666 -0.000133 
31 4.501272 0.000000 -3.665316 99.901361 -0.000055 3.191189 0.000953 
32 4.501272 0.000000 -7.421284 99.914409 -0.000021 3.416981 0.000544 
33 8.386489 0.000000 -3.665316 99.936015 -0.000076 3.209921 0.000249 
34 4.501272 0.000000 0.090653 100.062276 0.003688 -0.280482 -0.001254 
35 -3.269161 0.000000 3.846622 100.002475 -0.000019 3.497493 -0.001273 
36 -7.154378 0.000000 3.846622 99.954671 -0.000008 3.502066 -0.000320 
37 0.616056 0.000000 3.846622 100.089701 -0.000078 3.314758 -0.002894 
38 -3.269161 0.000000 7.602590 99.969618 -0.000012 3.480385 -0.000604 
39 -1.326553 0.000000 -1.787331 99.659133 -0.000033 3.505834 0.005577 
40 -3.269161 0.000000 -1.787331 99.870704 -0.000018 3.541564 0.001330 
41 -1.326553 0.000000 -3.665316 99.814028 -0.000022 3.444556 0.002529 
42 0.616056 0.000000 -1.787331 99.436454 -0.000058 2.821600 0.010443 
43 -1.326553 0.000000 0.090653 99.933793 -0.000060 3.935041 -0.000225 
44 4.501272 0.000000 3.846622 99.991038 -0.000216 3.182964 -0.000834 
45 8.386489 0.000000 3.846622 99.960689 -0.000279 3.166703 -0.000217 
46 4.501272 0.000000 7.602590 99.966859 -0.000042 3.414645 -0.000503 
47 2.558664 0.000000 -1.787331 99.810135 0.000091 2.532011 0.003153 
48 2.558664 0.000000 -3.665316 99.849451 -0.000037 3.208571 0.001979 
49 4.501272 0.000000 -1.787331 99.925030 0.000023 2.593321 0.000826 
50 2.558664 0.000000 0.090653 100.037903 -0.000091 -0.358500 -0.000771 
51 -1.326553 0.000000 1.968637 100.207354 -0.000050 3.508729 -0.005382 
52 -3.269161 0.000000 1.968637 100.007249 -0.000022 3.540665 -0.001399 
53 0.616056 0.000000 1.968637 100.424837 -0.000156 2.880178 -0.009344 
54 -1.326553 0.000000 3.846622 100.062470 -0.000037 3.446097 -0.002437 
55 -0.355249 0.000000 -0.848339 98.769738 -0.000034 3.458308 0.023258 
56 -1.326553 0.000000 -0.848339 99.611980 -0.000061 3.707474 0.006371 
57 -0.355249 0.000000 -1.787331 99.445064 -0.000041 3.269559 0.009999 
58 0.616056 0.000000 -0.848339 98.712698 -0.000103 1.656594 0.025306 
59 -0.355249 0.000000 0.090653 99.953254 -0.000081 5.984944 -0.002647 
60 2.558664 0.000000 1.968637 100.101797 -0.000593 2.565630 -0.002695 
61 4.501272 0.000000 1.968637 100.004549 -0.000854 2.554486 -0.000744 
62 2.558664 0.000000 3.846622 100.037087 -0.000150 3.212906 -0.001774 
63 1.587360 0.000000 -0.848339 99.612503 0.000218 1.354984 0.007551 
64 1.587360 0.000000 -1.787331 99.655622 0.000014 2.572885 0.006214 
65 2.558664 0.000000 -0.848339 99.871063 0.001448 1.489400 0.002355 
66 1.587360 0.000000 0.090653 100.048991 0.000036 -0.598594 -0.001016 
67 -0.355249 0.000000 1.029645 101.000109 -0.000061 3.471968 -0.021308 
68 -1.326553 0.000000 1.029645 100.249075 -0.000052 3.703673 -0.006359 
69 0.616056 0.000000 1.029645 101.099867 -0.000174 1.868675 -0.022468 
70 -0.355249 0.000000 1.968637 100.406846 -0.000104 3.292233 -0.009237 
71 0.130404 0.000000 -0.378843 96.408725 -0.000109 2.331780 0.069992 
72 -0.355249 0.000000 -0.378843 98.305812 -0.000078 4.306768 0.031742 
73 0.130404 0.000000 -0.848339 98.375987 -0.000081 2.586388 0.031548 
74 0.616056 0.000000 -0.378843 98.027698 -0.000167 -0.229421 0.039052 
75 0.130404 0.000000 0.090653 99.890670 -0.000418 3.766679 0.000767 
76 1.587360 0.000000 1.029645 100.328496 -0.000626 1.491580 -0.006803 
77 2.558664 0.000000 1.029645 100.091132 -0.001449 1.535008 -0.002059 
78 1.587360 0.000000 1.968637 100.236541 -0.000347 2.631860 -0.005429 
79 1.101708 0.000000 -0.378843 99.376116 -0.000169 -0.058824 0.012438 
80 1.101708 0.000000 -0.848339 99.275237 -0.000069 1.347678 0.014261 
81 1.587360 0.000000 -0.378843 99.753553 0.000398 0.264970 0.004916 
82 1.101708 0.000000 0.090653 100.093572 0.000098 -1.094002 -0.001992 
83 0.130404 0.000000 0.560149 103.164649 -0.000103 2.467905 -0.064904 
84 -0.355249 0.000000 0.560149 101.431814 -0.000055 4.271053 -0.030665 
85 0.616056 0.000000 0.560149 101.720424 -0.000098 0.246724 -0.034711 
86 0.130404 0.000000 1.029645 101.390425 -0.000122 2.705198 -0.028734 
87 0.373230 0.000000 -0.144095 98.340518 0.001070 -9.360679 0.024152 
88 0.130404 0.000000 -0.144095 98.704088 -0.000683 5.214643 0.023031 
89 0.373230 0.000000 -0.378843 96.839091 -0.000134 0.583940 0.062185 
90 0.616056 0.000000 -0.144095 98.128157 -0.000160 -2.207354 0.036599 
91 0.373230 0.000000 0.090653 99.378673 0.000990 -8.904824 0.004458 
92 1.101708 0.000000 0.560149 100.643046 -0.000073 0.299260 -0.012911 
93 1.587360 0.000000 0.560149 100.268250 -0.000533 0.483925 -0.005396 
94 1.101708 0.000000 1.029645 100.631067 -0.000297 1.544573 -0.012900 
95 0.858882 0.000000 -0.144095 99.254476 -0.000181 -1.445886 0.014646 
96 0.858882 0.000000 -0.378843 98.903870 -0.000200 -0.245889 0.021796 
97 1.101708 0.000000 -0.144095 99.667532 -0.000411 -0.913401 0.006555 
98 0.858882 0.000000 0.090653 100.079923 0.000123 -1.752822 -0.001906 
99 0.373230 0.000000 0.325401 104.145133 -0.000094 -1.235941 -0.084774 
100 0.130404 0.000000 0.325401 106.026908 -0.000097 2.620720 -0.124857 
101 0.616056 0.000000 0.325401 101.662232 -0.000072 -1.441999 -0.033729 
102 0.373230 0.000000 0.560149 102.712141 -0.000107 0.907165 -0.055061 
103 0.494643 0.000000 -0.026721 96.153251 0.001412 -10.869781 0.063640 
104 0.373230 0.000000 -0.026721 98.876401 0.001017 -8.858301 0.014499 
105 0.494643 0.000000 -0.144095 95.146581 0.001550 -11.217650 0.082129 
106 0.616056 0.000000 -0.026721 88.729690 0.002947 -11.512598 0.199450 
107 0.494643 0.000000 0.090653 96.382517 0.001391 -10.945174 0.059061 
108 -11.039595 0.000000 -3.665316 99.934061 -0.000004 3.497132 0.000095 
109 -14.924812 0.000000 -3.665316 99.936912 -0.000002 3.494363 0.000040 
110 -11.039595 0.000000 -7.421284 99.932225 -0.000003 3.493596 0.000135 
111 -11.039595 0.000000 0.090653 99.939282 -0.000004 3.499079 -0.000010 
112 -5.211770 0.000000 -1.787331 99.916685 -0.000011 3.520255 0.000426 
113 -7.154378 0.000000 -1.787331 99.929546 -0.000007 3.508451 0.000178 
114 -5.211770 0.000000 -3.665316 99.909358 -0.000009 3.504585 0.000584 
115 -5.211770 0.000000 0.090653 99.939542 -0.000012 3.529146 -0.000037 
116 -2.297857 0.000000 -0.848339 99.831688 -0.000028 3.622245 0.002051 
117 -3.269161 0.000000 -0.848339 99.894248 -0.000021 3.570760 0.000839 
118 -2.297857 0.000000 -1.787331 99.800211 -0.000025 3.552897 0.002729 
119 -2.297857 0.000000 0.090653 99.938070 -0.000031 3.667137 -0.000107 
120 -0.840901 0.000000 -0.378843 99.386228 -0.000073 4.110010 0.010549 
121 -1.326553 0.000000 -0.378843 99.712256 -0.000062 3.860208 0.004256 
122 -0.840901 0.000000 -0.848339 99.313107 -0.000063 3.706219 0.012317 
123 -0.840901 0.000000 0.090653 99.930332 -0.000080 4.383257 -0.000528 
124 -0.112422 0.000000 -0.144095 89.778908 -0.001449 16.170921 0.167825 
125 -0.355249 0.000000 -0.144095 98.555254 -0.000081 5.314753 0.025862 
126 -0.112422 0.000000 -0.378843 97.191633 -0.000094 3.816865 0.053922 
127 -0.112422 0.000000 0.090653 92.583874 -0.001281 15.739798 0.118048 
128 0.251817 0.000000 -0.026721 97.526314 0.000075 -0.310631 0.048852 
129 0.130404 0.000000 -0.026721 97.321522 -0.000411 2.968324 0.051971 
130 0.251817 0.000000 -0.144095 100.604900 0.000337 -5.013203 -0.014648 
131 0.251817 0.000000 0.090653 101.338565 0.000253 -0.281152 -0.026958 
132 0.858882 0.000000 0.325401 100.758619 -0.000014 -0.848419 -0.015302 
133 1.101708 0.000000 0.325401 100.495787 0.000487 -0.440262 -0.009960 
134 0.858882 0.000000 0.560149 101.020369 -0.000077 0.202522 -0.020516 
135 0.494643 0.000000 0.208027 94.085997 0.001988 -13.018583 0.097834 
136 0.373230 0.000000 0.208027 99.490649 0.001128 -10.218418 -0.000281 
137 0.616056 0.000000 0.208027 101.152749 -0.000078 -2.514479 -0.023820 
138 0.494643 0.000000 0.325401 102.664341 -0.000086 -1.621286 -0.054260 
139 0.433936 0.000000 0.031966 98.011261 0.001169 -9.793270 0.029788 
140 0.373230 0.000000 0.031966 99.065453 0.001014 -8.947741 0.010597 
141 0.433936 0.000000 -0.026721 97.882897 0.001172 -9.724681 0.032437 
142 0.494643 0.000000 0.031966 96.224768 0.001410 -10.918475 0.062158 
143 0.433936 0.000000 0.090653 98.287178 0.001141 -9.781188 0.024396 
144 -11.039595 0.000000 3.846622 99.944466 -0.000004 3.497057 -0.000113 
145 -14.924812 0.000000 3.846622 99.941491 -0.000002 3.494329 -0.000051 
146 -11.039595 0.000000 7.602590 99.946235 -0.000003 3.493494 -0.000145 
147 -5.211770 0.000000 1.968637 99.962229 -0.000012 3.519951 -0.000484 
148 -7.154378 0.000000 1.968637 99.949267 -0.000008 3.508312 -0.000216 
149 -5.211770 0.000000 3.846622 99.969362 -0.000011 3.504269 -0.000615 
150 -2.297857 0.000000 1.029645 100.043461 -0.000033 3.620889 -0.002180 
151 -3.269161 0.000000 1.029645 99.984122 -0.000023 3.570075 -0.000957 
152 -2.297857 0.000000 1.968637 100.071325 -0.000033 3.547676 -0.002686 
153 -0.840901 0.000000 0.560149 100.447773 -0.000085 4.078594 -0.010639 
154 -1.326553 0.000000 0.560149 100.151977 -0.000057 3.855054 -0.004528 
155 -0.840901 0.000000 1.029645 100.523480 -0.000086 3.704810 -0.011870 
156 -0.112422 0.000000 0.325401 103.266405 -0.000090 5.572910 -0.069501 
157 -0.355249 0.000000 0.325401 101.218147 -0.000081 5.210428 -0.027226 
158 -0.112422 0.000000 0.560149 102.430127 -0.000092 3.847899 -0.050674 
159 0.251817 0.000000 0.208027 102.423106 0.000708 -5.811892 -0.052427 
160 0.130404 0.000000 0.208027 99.622071 -0.000709 7.885846 0.001326 
161 0.251817 0.000000 0.325401 105.606428 -0.000097 0.236308 -0.115277 
162 0.312523 0.000000 0.031966 103.529457 0.000585 -9.473137 -0.080809 
163 0.251817 0.000000 0.031966 103.350125 0.000215 -3.968065 -0.069699 
164 0.312523 0.000000 -0.026721 99.410642 0.000537 -5.365471 0.008874 
165 0.312523 0.000000 0.090653 101.137839 0.000689 -6.402940 -0.026986 
166 -3.269161 0.000000 -11.177253 99.923565 -0.000005 3.482194 0.000316 
167 -7.154378 0.000000 -11.177253 99.928614 -0.000004 3.488758 0.000210 
168 -3.269161 0.000000 -14.933221 99.929855 -0.000004 3.484349 0.000188 
169 0.616056 0.000000 -11.177253 99.921529 -0.000008 3.470907 0.000364 
170 -1.326553 0.000000 -5.543300 99.875558 -0.000015 3.455249 0.001293 
171 -3.269161 0.000000 -5.543300 99.895103 -0.000011 3.483393 0.000883 
172 -1.326553 0.000000 -7.421284 99.901580 -0.000011 3.465655 0.000766 
173 0.616056 0.000000 -5.543300 99.869999 -0.000020 3.410107 0.001435 
174 -0.355249 0.000000 -2.726323 99.685834 -0.000032 3.332280 0.005163 
175 -1.326553 0.000000 -2.726323 99.752332 -0.000026 3.451488 0.003756 
176 -0.355249 0.000000 -3.665316 99.788911 -0.000026 3.382467 0.003073 
177 0.616056 0.000000 -2.726323 99.684792 -0.000067 3.169223 0.005290 
178 0.130404 0.000000 -1.317835 99.070791 -0.000070 2.861651 0.017679 
179 -0.355249 0.000000 -1.317835 99.198107 -0.000041 3.274964 0.014901 
180 0.130404 0.000000 -1.787331 99.394940 -0.000042 3.048234 0.011135 
181 0.616056 0.000000 -1.317835 99.174888 -0.000058 2.433402 0.015842 
182 0.373230 0.000000 -0.613591 97.860409 -0.000114 1.533226 0.042099 
183 0.130404 0.000000 -0.613591 97.684092 -0.000095 2.432070 0.045190 
184 0.373230 0.000000 -0.848339 98.458491 -0.000093 2.058367 0.030169 
185 0.616056 0.000000 -0.613591 98.376340 -0.000137 0.948724 0.032120 
186 0.494643 0.000000 -0.261469 97.036004 -0.000156 -0.951126 0.058311 
187 0.373230 0.000000 -0.261469 96.022919 -0.000142 -0.253571 0.077953 
188 0.494643 0.000000 -0.378843 97.425778 -0.000149 0.031311 0.050822 
189 0.616056 0.000000 -0.261469 97.951446 -0.000174 -1.112421 0.040428 
190 0.433936 0.000000 -0.085408 96.910157 0.001168 -9.650365 0.051529 
191 0.373230 0.000000 -0.085408 98.894988 0.000996 -8.690057 0.014426 
192 0.433936 0.000000 -0.144095 96.076584 0.001261 -9.965292 0.066998 
193 0.494643 0.000000 -0.085408 96.191559 0.001397 -10.815754 0.063020 
194 0.403583 0.000000 0.002622 86.456135 0.002524 -10.050449 0.242433 
195 0.373230 0.000000 0.002622 98.556714 0.000553 -10.308154 0.018032 
196 0.403583 0.000000 -0.026721 97.763022 0.001062 -9.218715 0.035741 
197 0.433936 0.000000 0.002622 97.920918 0.001175 -9.768556 0.031607 
198 0.403583 0.000000 0.031966 98.805270 0.001055 -9.035223 0.015588 
199 0.251817 0.000000 -0.261469 95.369835 -0.000130 0.987331 0.090362 
200 0.130404 0.000000 -0.261469 90.946685 -0.002082 4.417044 0.170919 
201 0.251817 0.000000 -0.378843 96.457811 -0.000121 1.404698 0.069392 
202 0.312523 0.000000 -0.085408 99.756593 0.000688 -6.961607 0.000016 
203 0.251817 0.000000 -0.085408 100.663031 0.000173 -2.336735 -0.013851 
204 0.312523 0.000000 -0.144095 99.075915 0.000778 -7.747982 0.012393 
205 0.342876 0.000000 0.002622 99.909862 0.000496 -8.759071 -0.005870 
206 0.312523 0.000000 0.002622 100.452566 0.000418 -6.819105 -0.013722 
207 0.342876 0.000000 -0.026721 99.734510 0.000866 -7.776923 -0.000745 
208 0.342876 0.000000 0.031966 102.034980 0.000784 -10.293472 -0.051709 
209 0.403583 0.000000 -0.056065 97.757137 0.001051 -9.143936 0.035993 
210 0.373230 0.000000 -0.056065 98.863339 0.001008 -8.777611 0.014899 
211 0.403583 0.000000 -0.085408 98.063871 0.001125 -9.551131 0.029225 
212 0.433936 0.000000 -0.056065 97.896666 0.001163 -9.668054 0.032277 
213 0.388406 0.000000 -0.012049 98.770524 0.001041 -8.948126 0.016431 
214 0.373230 0.000000 -0.012049 96.771996 0.000692 -5.860433 0.060084 
215 0.388406 0.000000 -0.026721 98.748894 0.001039 -8.915749 0.016917 
216 0.403583 0.000000 -0.012049 98.662893 0.001060 -8.989470 0.018482 
217 0.388406 0.000000 0.002622 95.743970 0.004802 -16.533928 0.055972 
218 0.342876 0.000000 -0.056065 99.697824 0.000859 -7.680639 0.000135 
219 0.312523 0.000000 -0.056065 100.513756 0.000693 -6.322809 -0.014299 
220 0.342876 0.000000 -0.085408 98.859119 0.000847 -8.094588 0.016135 
221 0.358053 0.000000 -0.012049 97.912639 0.000699 -6.031285 0.037674 
222 0.342876 0.000000 -0.012049 97.451859 0.000615 -5.313211 0.047490 
223 0.358053 0.000000 -0.026721 99.562843 0.000895 -7.884960 0.002507 
224 0.358053 0.000000 0.002622 97.732720 0.000352 -6.616011 0.040454 
225 0.008991 0.000000 -0.026721 96.015743 -0.001015 10.955860 0.066095 
226 -0.112422 0.000000 -0.026721 91.895001 -0.001326 15.336797 0.132009 
227 0.008991 0.000000 -0.144095 95.419528 -0.001106 11.526923 0.076224 
228 0.008991 0.000000 0.090653 97.109571 -0.000930 11.213144 0.044400 
229 0.191110 0.000000 0.031966 103.654521 0.000085 -0.809541 -0.074492 
230 0.130404 0.000000 0.031966 110.618966 0.000294 2.746275 -0.224410 
231 0.191110 0.000000 -0.026721 97.433115 -0.000145 1.262063 0.050520 
232 0.191110 0.000000 0.090653 99.169345 -0.000015 1.003248 0.016443 
233 0.191110 0.000000 -0.085408 98.241010 -0.000058 0.993301 0.034772 
234 0.130404 0.000000 -0.085408 98.832296 -0.000487 3.553493 0.021955 
235 0.191110 0.000000 -0.144095 97.900525 -0.000055 1.030077 0.041443 
236 0.221463 0.000000 0.002622 97.047271 -0.000080 0.443429 0.058163 
237 0.191110 0.000000 0.002622 99.764445 -0.000096 0.338276 0.004694 
238 0.221463 0.000000 -0.026721 97.901886 -0.000001 0.339078 0.041511 
239 0.251817 0.000000 0.002622 99.670729 0.000108 -1.791715 0.006254 
240 0.221463 0.000000 0.031966 113.662693 0.000381 -7.573657 -0.297657 
241 0.008991 0.000000 0.208027 97.433869 -0.000991 12.604132 0.034778 
242 -0.112422 0.000000 0.208027 85.198859 -0.001081 23.147936 0.220533 
243 0.008991 0.000000 0.325401 104.945038 -0.000094 4.719979 -0.103574 
244 0.069697 0.000000 0.031966 108.501339 -0.000306 13.314926 -0.194983 
245 0.008991 0.000000 0.031966 96.476381 -0.000976 11.266780 0.056537 
246 0.069697 0.000000 -0.026721 97.127325 -0.001140 7.219433 0.051416 
247 0.069697 0.000000 0.090653 98.960877 -0.000735 8.021728 0.014240 
248 -0.112422 0.000000 -0.613591 97.986304 -0.000087 3.260529 0.038805 
249 -0.355249 0.000000 -0.613591 98.516785 -0.000038 3.725475 0.028056 
250 -0.112422 0.000000 -0.848339 98.495008 -0.000079 3.100923 0.028912 
251 0.008991 0.000000 -0.261469 86.527155 -0.002902 -10.733225 0.239785 
252 -0.112422 0.000000 -0.261469 96.661881 -0.000097 4.443827 0.063673 
253 0.008991 0.000000 -0.378843 96.684101 -0.000098 3.180825 0.064207 
254 0.069697 0.000000 -0.085408 97.291495 -0.000866 8.392326 0.046393 
255 0.008991 0.000000 -0.085408 95.977193 -0.001022 10.525935 0.067758 
256 0.069697 0.000000 -0.144095 96.704381 -0.000937 9.350321 0.056083 
257 0.100050 0.000000 0.002622 98.595920 -0.001046 5.832527 0.024483 
258 0.069697 0.000000 0.002622 98.809090 -0.001246 8.334988 0.016729 
259 0.100050 0.000000 -0.026721 97.731078 -0.000926 5.309355 0.042045 
260 0.130404 0.000000 0.002622 97.895083 -0.000624 3.284976 0.040576 
261 0.100050 0.000000 0.031966 109.787286 -0.000079 8.093260 -0.211875 
262 -0.598075 0.000000 -0.144095 99.319788 -0.000044 4.668870 0.011378 
263 -0.840901 0.000000 -0.144095 99.604683 -0.000077 4.306756 0.006036 
264 -0.598075 0.000000 -0.378843 99.009414 -0.000043 4.267364 0.017893 
265 -0.598075 0.000000 0.090653 99.929669 -0.000044 4.861277 -0.000957 
266 -0.233835 0.000000 -0.026721 71.371532 -0.001648 17.455093 0.460142 
267 -0.355249 0.000000 -0.026721 99.118876 -0.000081 5.814575 0.014164 
268 -0.233835 0.000000 -0.144095 97.659616 -0.000088 5.697393 0.043014 
269 -0.233835 0.000000 0.090653 49.188090 -0.001203 37.427448 0.617972 
270 -0.051716 0.000000 0.031966 94.951802 -0.001085 12.797202 0.082039 
271 -0.112422 0.000000 0.031966 92.141489 -0.001304 15.595164 0.126674 
272 -0.051716 0.000000 -0.026721 94.600597 -0.001115 12.510333 0.089422 
273 -0.051716 0.000000 0.090653 95.777047 -0.001067 13.242338 0.065140 
274 0.039344 0.000000 0.002622 99.721333 -0.001201 11.003955 -0.006543 
275 0.008991 0.000000 0.002622 79.518956 -0.001209 28.603091 0.285860 
276 0.039344 0.000000 -0.026721 96.607145 -0.001282 7.809657 0.060607 
277 0.039344 0.000000 0.031966 106.576440 -0.000430 18.266278 -0.169219 
278 -0.051716 0.000000 -0.085408 93.605682 -0.001231 13.498178 0.105578 
279 -0.112422 0.000000 -0.085408 91.927402 -0.001340 15.076994 0.132204 
280 -0.051716 0.000000 -0.144095 92.178110 -0.001348 14.067978 0.130529 
281 -0.021363 0.000000 0.002622 95.716315 -0.001014 11.372096 0.070906 
282 -0.051716 0.000000 0.002622 94.721994 -0.001102 12.680562 0.086695 
283 -0.021363 0.000000 -0.026721 94.866376 -0.001111 12.389571 0.084687 
284 -0.021363 0.000000 0.031966 96.131194 -0.001020 11.799862 0.061956 
285 0.039344 0.000000 -0.056065 96.956713 -0.000926 9.267335 0.051351 
286 0.008991 0.000000 -0.056065 95.948050 -0.001022 10.736337 0.067870 
287 0.039344 0.000000 -0.085408 96.931739 -0.000925 9.056493 0.052222 
288 0.069697 0.000000 -0.056065 97.850052 -0.000827 7.736786 0.036551 
289 0.024167 0.000000 -0.012049 95.836625 -0.002078 1.504412 0.081308 
290 0.008991 0.000000 -0.012049 93.384618 -0.002080 -2.989297 0.127038 
291 0.024167 0.000000 -0.026721 96.762704 -0.000932 9.687613 0.054313 
292 0.039344 0.000000 -0.012049 95.710881 -0.001901 5.186013 0.081253 
293 0.024167 0.000000 0.002622 98.716606 -0.001392 11.409266 0.012486 
294 0.069697 0.000000 0.149340 98.940385 -0.000769 8.900937 0.013157 
295 0.008991 0.000000 0.149340 97.837430 -0.000922 11.264471 0.030095 
296 0.130404 0.000000 0.149340 100.091789 -0.000585 5.439943 -0.004796 
297 0.069697 0.000000 0.208027 98.871760 -0.000866 10.451762 0.011514 
298 0.039344 0.000000 0.061309 97.854299 -0.000854 9.749217 0.032949 
299 0.008991 0.000000 0.061309 96.798531 -0.000952 11.286041 0.050267 
300 0.069697 0.000000 0.061309 98.762140 -0.000757 8.118539 0.018013 
301 0.039344 0.000000 0.090653 98.116379 -0.000831 9.653431 0.027999 
302 0.024167 0.000000 0.017294 106.527568 -0.000278 29.385722 -0.221164 
303 0.008991 0.000000 0.017294 98.781218 -0.000472 34.064155 -0.091810 
304 0.039344 0.000000 0.017294 108.950304 -0.000306 21.503547 -0.233257 
305 0.024167 0.000000 0.031966 101.924691 -0.000653 15.216652 -0.062019 
306 0.282170 0.000000 0.002622 101.664064 0.000331 -4.658941 -0.035729 
307 0.282170 0.000000 -0.026721 99.801337 0.000343 -2.763880 0.003205 
308 0.282170 0.000000 0.031966 104.643175 0.000417 -6.575539 -0.099343 
309 0.312523 0.000000 0.149340 100.849110 0.000784 -7.415685 -0.022554 
310 0.251817 0.000000 0.149340 102.864513 0.000459 -2.731000 -0.058857 
311 0.373230 0.000000 0.149340 100.022865 0.001055 -9.286602 -0.009081 
312 0.312523 0.000000 0.208027 100.714598 0.000993 -9.036050 -0.022508 
313 0.342876 0.000000 0.061309 100.116139 0.000857 -7.847358 -0.008482 
314 0.312523 0.000000 0.061309 100.990822 0.000696 -6.484062 -0.024119 
315 0.373230 0.000000 0.061309 99.218099 0.001004 -8.941169 0.007582 
316 0.342876 0.000000 0.090653 100.275167 0.000847 -7.786356 -0.011574 
317 0.358053 0.000000 0.017294 102.430717 0.000559 -12.699955 -0.065334 
318 0.342876 0.000000 0.017294 102.727768 0.000589 -11.999343 -0.069698 
319 0.373230 0.000000 0.017294 101.796039 0.000850 -14.844598 -0.058280 
320 0.358053 0.000000 0.031966 101.180140 0.000784 -10.474965 -0.034715 
321 12.271706 0.000000 -3.665316 99.943331 -0.000081 3.230282 0.000090 
322 12.271706 0.000000 -7.421284 99.935389 -0.000030 3.413078 0.000127 
323 16.156923 0.000000 -3.665316 99.945271 -0.000081 3.247283 0.000040 
324 12.271706 0.000000 0.090653 100.046212 0.007107 0.403017 -0.000941 
325 6.443881 0.000000 -1.787331 99.950560 -0.000049 2.649134 0.000287 
326 6.443881 0.000000 -3.665316 99.925491 -0.000069 3.198747 0.000466 
327 8.386489 0.000000 -1.787331 99.958161 -0.000075 2.695473 0.000110 
328 6.443881 0.000000 0.090653 100.063962 0.004960 -0.177709 -0.001283 
329 3.529968 0.000000 -0.848339 99.944965 0.001472 1.592841 0.000847 
330 3.529968 0.000000 -1.787331 99.890623 0.000049 2.563028 0.001529 
331 4.501272 0.000000 -0.848339 99.971531 0.001195 1.669177 0.000291 
332 3.529968 0.000000 0.090653 100.054977 0.003198 -0.312150 -0.001110 
333 2.073012 0.000000 -0.378843 99.888965 0.002195 0.462469 0.002198 
334 2.073012 0.000000 -0.848339 99.782796 0.000859 1.422558 0.004137 
335 2.558664 0.000000 -0.378843 99.949133 0.004888 0.585187 0.000983 
336 2.073012 0.000000 0.090653 100.035212 -0.002852 -0.420176 -0.000722 
337 1.344534 0.000000 -0.144095 99.826395 -0.000008 -0.618910 0.003431 
338 1.344534 0.000000 -0.378843 99.619151 0.000019 0.120815 0.007601 
339 1.587360 0.000000 -0.144095 99.895029 0.000323 -0.441664 0.002079 
340 1.344534 0.000000 0.090653 100.080300 0.000364 -0.762646 -0.001665 
341 12.271706 0.000000 3.846622 99.954592 -0.000313 3.149545 -0.000084 
342 16.156923 0.000000 3.846622 99.953329 -0.000343 3.127887 -0.000045 
343 12.271706 0.000000 7.602590 99.947706 -0.000063 3.401081 -0.000111 
344 6.443881 0.000000 1.968637 99.985002 -0.001008 2.525829 -0.000338 
345 8.386489 0.000000 1.968637 99.979745 -0.001088 2.485276 -0.000213 
346 6.443881 0.000000 3.846622 99.969828 -0.000255 3.173667 -0.000404 
347 3.529968 0.000000 1.029645 100.038746 -0.001634 1.547782 -0.001015 
348 4.501272 0.000000 1.029645 100.023303 -0.001774 1.524586 -0.000699 
349 3.529968 0.000000 1.968637 100.032406 -0.000752 2.563493 -0.001305 
350 2.073012 0.000000 0.560149 100.118049 -0.001760 0.591469 -0.002397 
351 2.558664 0.000000 0.560149 100.064952 -0.001735 0.644447 -0.001341 
352 2.073012 0.000000 1.029645 100.168138 -0.001126 1.510385 -0.003594 
353 1.830186 0.000000 -0.144095 99.942457 0.000094 -0.304476 0.001141 
354 1.830186 0.000000 -0.378843 99.835927 0.001063 0.375776 0.003265 
355 2.073012 0.000000 -0.144095 99.969597 0.000616 -0.203992 0.000604 
356 1.830186 0.000000 0.090653 100.038449 -0.001571 -0.483859 -0.000793 
357 1.830186 0.000000 0.325401 100.113844 -0.001302 0.021298 -0.002278 
358 1.587360 0.000000 0.325401 100.178796 -0.000262 -0.072111 -0.003580 
359 2.073012 0.000000 0.325401 100.077814 -0.002222 0.079110 -0.001558 
360 1.830186 0.000000 0.560149 100.175263 -0.001159 0.545789 -0.003538 
361 1.708773 0.000000 -0.026721 99.984753 -0.000167 -0.593339 0.000270 
362 1.587360 0.000000 -0.026721 99.973509 0.000185 -0.665036 0.000486 
363 1.708773 0.000000 -0.144095 99.921146 0.000238 -0.367411 0.001563 
364 1.830186 0.000000 -0.026721 99.995078 -0.000787 -0.537140 0.000070 
365 1.708773 0.000000 0.090653 100.042101 -0.000598 -0.532704 -0.000871 
366 3.044316 0.000000 -0.378843 99.976517 0.005924 0.660582 0.000426 
367 3.044316 0.000000 -0.848339 99.916179 0.001586 1.540370 0.001438 
368 3.529968 0.000000 -0.378843 99.994707 0.005794 0.738561 0.000051 
369 3.044316 0.000000 0.090653 100.047322 0.002626 -0.341581 -0.000958 
370 2.315838 0.000000 -0.144095 99.987150 0.002484 -0.128642 0.000255 
371 2.315838 0.000000 -0.378843 99.924575 0.003632 0.530344 0.001480 
372 2.558664 0.000000 -0.144095 100.000422 0.004611 -0.068968 -0.000009 
373 2.315838 0.000000 0.090653 100.035126 -0.001962 -0.381969 -0.000717 
374 1.951599 0.000000 -0.026721 100.002503 -0.002616 -0.492084 -0.000074 
375 1.951599 0.000000 -0.144095 99.958149 0.000153 -0.250431 0.000831 
376 2.073012 0.000000 -0.026721 100.007603 -0.001907 -0.454617 -0.000173 
377 1.951599 0.000000 0.090653 100.036392 -0.002479 -0.447704 -0.000748 
378 1.344534 0.000000 0.325401 100.285450 0.000122 -0.217690 -0.005722 
379 1.344534 0.000000 0.560149 100.413625 -0.000178 0.404619 -0.008306 
380 1.708773 0.000000 0.208027 100.094360 -0.000667 -0.292186 -0.001897 
381 1.587360 0.000000 0.208027 100.118174 -0.000102 -0.352006 -0.002377 
382 1.830186 0.000000 0.208027 100.077184 -0.001446 -0.246614 -0.001550 
383 1.708773 0.000000 0.325401 100.141816 -0.000720 -0.020103 -0.002838 
384 1.769479 0.000000 0.031966 100.015992 -0.000928 -0.570425 -0.000352 
385 1.708773 0.000000 0.031966 100.014222 -0.000486 -0.598181 -0.000320 
386 1.769479 0.000000 -0.026721 99.990197 -0.000490 -0.563578 0.000164 
387 1.830186 0.000000 0.031966 100.017767 -0.001435 -0.546355 -0.000385 
388 1.769479 0.000000 0.090653 100.039986 -0.001057 -0.506409 -0.000826 
389 1.465947 0.000000 -0.026721 99.961843 0.000311 -0.756781 0.000706 
390 1.344534 0.000000 -0.026721 99.952252 0.000188 -0.838081 0.000884 
391 1.465947 0.000000 -0.144095 99.863441 0.000277 -0.531719 0.002701 
392 1.465947 0.000000 0.090653 100.059690 0.000279 -0.685397 -0.001241 
393 1.648066 0.000000 0.031966 100.012777 -0.000132 -0.630198 -0.000295 
394 1.587360 0.000000 0.031966 100.011887 0.000109 -0.666987 -0.000282 
395 1.648066 0.000000 -0.026721 99.979104 -0.000002 -0.626976 0.000379 
396 1.648066 0.000000 0.090653 100.045042 -0.000227 -0.563276 -0.000933 
397 4.501272 0.000000 -11.177253 99.925074 -0.000010 3.460647 0.000300 
398 4.501272 0.000000 -14.933221 99.930424 -0.000006 3.474783 0.000184 
399 8.386489 0.000000 -11.177253 99.930407 -0.000013 3.455799 0.000197 
400 2.558664 0.000000 -5.543300 99.885684 -0.000027 3.371912 0.001148 
401 2.558664 0.000000 -7.421284 99.905383 -0.000018 3.428026 0.000716 
402 4.501272 0.000000 -5.543300 99.906465 -0.000034 3.354870 0.000744 
403 1.587360 0.000000 -2.726323 99.752587 -0.000082 3.049543 0.004012 
404 1.587360 0.000000 -3.665316 99.814482 -0.000033 3.244888 0.002654 
405 2.558664 0.000000 -2.726323 99.825909 -0.000042 2.998723 0.002580 
406 2.073012 0.000000 -1.317835 99.745564 0.000247 2.094385 0.004644 
407 1.587360 0.000000 -1.317835 99.609784 0.000081 2.100083 0.007348 
408 2.073012 0.000000 -1.787331 99.748367 0.000061 2.541062 0.004381 
409 2.558664 0.000000 -1.317835 99.829110 0.000372 2.116286 0.002967 
410 1.830186 0.000000 -0.613591 99.758452 0.000828 0.927557 0.004739 
411 1.587360 0.000000 -0.613591 99.659178 0.000318 0.859371 0.006731 
412 1.830186 0.000000 -0.848339 99.711841 0.000506 1.387294 0.005562 
413 2.073012 0.000000 -0.613591 99.825855 0.001529 0.987052 0.003382 
414 1.708773 0.000000 -0.261469 99.856946 0.000582 -0.014304 0.002859 
415 1.587360 0.000000 -0.261469 99.819671 0.000390 -0.083421 0.003603 
416 1.708773 0.000000 -0.378843 99.799336 0.000681 0.323792 0.003999 
417 1.830186 0.000000 -0.261469 99.886677 0.000857 0.045898 0.002265 
418 1.769479 0.000000 -0.085408 99.962197 -0.000270 -0.478729 0.000733 
419 1.708773 0.000000 -0.085408 99.953552 -0.000026 -0.510419 0.000903 
420 1.769479 0.000000 -0.144095 99.932486 0.000156 -0.334727 0.001339 
421 1.830186 0.000000 -0.085408 99.969808 -0.000508 -0.449875 0.000584 
422 1.739126 0.000000 0.002622 100.001549 -0.000575 -0.590825 -0.000066 
423 1.708773 0.000000 0.002622 99.999707 -0.000374 -0.605661 -0.000031 
424 1.739126 0.000000 -0.026721 99.987524 -0.000324 -0.578009 0.000216 
425 1.769479 0.000000 0.002622 100.003362 -0.000795 -0.576948 -0.000101 
426 1.739126 0.000000 0.031966 100.015087 -0.000690 -0.583805 -0.000336 
427 1.648066 0.000000 -0.085408 99.944189 0.000150 -0.545404 0.001086 
428 1.587360 0.000000 -0.085408 99.934318 0.000259 -0.584244 0.001279 
429 1.648066 0.000000 -0.144095 99.908629 0.000297 -0.402885 0.001810 
430 1.678420 0.000000 0.002622 99.997882 -0.000221 -0.621525 0.000004 
431 1.648066 0.000000 0.002622 99.996114 -0.000071 -0.638483 0.000037 
432 1.678420 0.000000 -0.026721 99.981932 -0.000133 -0.609639 0.000324 
433 1.678420 0.000000 0.031966 100.013440 -0.000295 -0.613624 -0.000306 
434 1.739126 0.000000 -0.056065 99.972990 -0.000347 -0.545226 0.000510 
435 1.708773 0.000000 -0.056065 99.969353 -0.000203 -0.561039 0.000581 
436 1.739126 0.000000 -0.085408 99.957985 -0.000152 -0.494193 0.000816 
437 1.769479 0.000000 -0.056065 99.976465 -0.000503 -0.530245 0.000443 
438 1.723950 0.000000 -0.012049 99.993448 -0.000396 -0.594370 0.000096 
439 1.708773 0.000000 -0.012049 99.992286 -0.000305 -0.602031 0.000118 
440 1.723950 0.000000 -0.026721 99.986147 -0.000244 -0.585557 0.000243 
441 1.739126 0.000000 -0.012049 99.994600 -0.000493 -0.586950 0.000074 
442 1.723950 0.000000 0.002622 100.000629 -0.000471 -0.598119 -0.000048 
443 -11.039595 0.000000 -11.177253 99.932766 -0.000002 3.491089 0.000125 
444 -14.924812 0.000000 -11.177253 99.935301 -0.000002 3.491578 0.000074 
445 -11.039595 0.000000 -14.933221 99.933944 -0.000002 3.489821 0.000103 
446 12.271706 0.000000 -11.177253 99.934322 -0.000014 3.454736 0.000120 
447 12.271706 0.000000 -14.933221 99.934785 -0.000008 3.470472 0.000099 
448 16.156923 0.000000 -11.177253 99.936636 -0.000015 3.455162 0.000073 
449 -5.211770 0.000000 -5.543300 99.912294 -0.000008 3.493962 0.000533 
450 -7.154378 0.000000 -5.543300 99.923040 -0.000006 3.496393 0.000316 
451 -5.211770 0.000000 -7.421284 99.917628 -0.000006 3.488841 0.000430 
452 6.443881 0.000000 -5.543300 99.921238 -0.000040 3.351506 0.000451 
453 6.443881 0.000000 -7.421284 99.922675 -0.000025 3.412223 0.000382 
454 8.386489 0.000000 -5.543300 99.929917 -0.000044 3.353372 0.000277 
455 -2.297857 0.000000 -2.726323 99.821662 -0.000021 3.501806 0.002337 
456 -3.269161 0.000000 -2.726323 99.868242 -0.000016 3.515031 0.001398 
457 -2.297857 0.000000 -3.665316 99.847488 -0.000018 3.481092 0.001836 
458 3.529968 0.000000 -2.726323 99.876361 -0.000046 2.990567 0.001577 
459 3.529968 0.000000 -3.665316 99.879897 -0.000045 3.193973 0.001380 
460 4.501272 0.000000 -2.726323 99.906359 -0.000059 2.997915 0.000973 
461 -0.840901 0.000000 -1.317835 99.426865 -0.000046 3.502515 0.010203 
462 -1.326553 0.000000 -1.317835 99.614996 -0.000037 3.580871 0.006403 
463 -0.840901 0.000000 -1.787331 99.550752 -0.000038 3.424666 0.007792 
464 1.101708 0.000000 -1.317835 99.406348 -0.000025 2.184234 0.011361 
465 1.101708 0.000000 -1.787331 99.541483 -0.000024 2.658528 0.008443 
466 0.858882 0.000000 -0.613591 98.895327 -0.000153 0.734758 0.021917 
467 0.858882 0.000000 -0.848339 99.009550 -0.000102 1.433215 0.019505 
468 1.101708 0.000000 -0.613591 99.265187 -0.000122 0.722658 0.014590 
469 1.344534 0.000000 -0.613591 99.507546 0.000016 0.786045 0.009763 
470 1.344534 0.000000 -0.848339 99.472132 0.000029 1.334747 0.010351 
471 -0.598075 0.000000 -0.613591 98.973738 -0.000043 3.894659 0.018903 
472 -0.840901 0.000000 -0.613591 99.308129 -0.000068 3.880920 0.012283 
473 -0.598075 0.000000 -0.848339 99.074808 -0.000041 3.634593 0.017097 
474 -0.233835 0.000000 -0.261469 97.602163 -0.000087 4.779571 0.045097 
475 -0.355249 0.000000 -0.261469 98.324172 -0.000080 4.763173 0.030967 
476 -0.233835 0.000000 -0.378843 97.779490 -0.000085 4.176163 0.042173 
477 0.433936 0.000000 0.149340 97.725343 0.001212 -10.389531 0.034181 
478 0.494643 0.000000 0.149340 96.891740 0.001468 -11.817804 0.047233 
479 0.433936 0.000000 0.208027 97.213692 0.001429 -11.866841 0.040868 
480 0.403583 0.000000 0.061309 99.250289 0.001125 -9.467242 0.005975 
481 0.433936 0.000000 0.061309 98.140307 0.001157 -9.796611 0.027251 
482 0.403583 0.000000 0.090653 98.459652 0.001117 -9.755015 0.021054 
483 -0.598075 0.000000 0.325401 100.516850 -0.000044 4.634391 -0.012511 
484 -0.840901 0.000000 0.325401 100.248478 -0.000083 4.290521 -0.006817 
485 -0.598075 0.000000 0.560149 100.803512 -0.000045 4.237884 -0.017931 
486 -0.233835 0.000000 0.208027 101.420441 -0.000086 6.538695 -0.032886 
487 -0.355249 0.000000 0.208027 100.733630 -0.000081 5.716651 -0.017994 
488 -0.233835 0.000000 0.325401 101.983463 -0.000086 5.525835 -0.043116 
489 0.191110 0.000000 0.149340 99.015822 -0.000003 1.086367 0.019469 
490 0.191110 0.000000 0.208027 106.961026 -0.000141 0.511157 -0.144092 
491 0.282170 0.000000 0.061309 103.335144 0.000444 -4.706317 -0.070030 
492 0.251817 0.000000 0.061309 101.909803 0.000196 -2.578730 -0.039226 
493 0.282170 0.000000 0.090653 101.923500 0.000527 -4.786294 -0.041131 
494 0.388406 0.000000 0.017294 98.858816 0.001040 -8.990579 0.014610 
495 0.403583 0.000000 0.017294 98.743797 0.001059 -9.028494 0.016815 
496 0.388406 0.000000 0.031966 98.922700 0.001037 -8.998779 0.013332 
497 0.282170 0.000000 -0.056065 101.101296 0.000432 -4.684159 -0.024341 
498 0.251817 0.000000 -0.056065 98.489565 0.000122 -0.668707 0.029936 
499 0.282170 0.000000 -0.085408 101.214002 0.000514 -4.610061 -0.026553 
500 0.160757 0.000000 0.002622 98.626886 -0.000296 1.745599 0.026969 
501 0.160757 0.000000 -0.026721 97.222227 -0.000327 2.154613 0.054320 
502 0.160757 0.000000 0.031966 104.175979 0.000070 0.927794 -0.085350 
503 0.221463 0.000000 0.061309 101.268322 0.000107 -1.039598 -0.025635 
504 0.191110 0.000000 0.061309 102.684169 0.000088 -0.412053 -0.054421 
505 0.221463 0.000000 0.090653 99.172703 0.000062 0.146266 0.016475 
506 0.160757 0.000000 0.061309 103.021205 0.000056 1.326092 -0.061513 
507 0.130404 0.000000 0.061309 102.136003 -0.000116 3.158783 -0.044174 
508 0.160757 0.000000 0.090653 99.062978 -0.000091 1.899277 0.018292 
509 0.221463 0.000000 -0.056065 98.518031 0.000033 0.124673 0.029418 
510 0.191110 0.000000 -0.056065 98.454366 -0.000057 0.973743 0.030579 
511 0.221463 0.000000 -0.085408 98.315066 0.000026 0.215880 0.033410 
512 0.160757 0.000000 -0.056065 98.288993 -0.000145 1.846346 0.033586 
513 0.130404 0.000000 -0.056065 98.433894 -0.000306 2.995035 0.030180 
514 0.160757 0.000000 -0.085408 98.078716 -0.000141 1.788155 0.037737 
515 -0.051716 0.000000 0.149340 95.067786 -0.001126 14.165276 0.076146 
516 -0.112422 0.000000 0.149340 93.170797 -0.001208 16.533415 0.104585 
517 -0.051716 0.000000 0.208027 93.936506 -0.001180 16.529694 0.090270 
518 0.100050 0.000000 0.061309 104.243414 -0.000389 6.934791 -0.091478 
519 0.100050 0.000000 0.090653 99.624743 -0.000645 6.323021 0.003493 
520 0.100050 0.000000 -0.056065 98.593860 -0.000729 6.135544 0.024161 
521 0.100050 0.000000 -0.085408 98.454980 -0.000730 5.987485 0.027077 
522 -0.021363 0.000000 0.061309 95.607280 -0.001054 12.763533 0.069634 
523 -0.051716 0.000000 0.061309 95.253252 -0.001066 12.839725 0.076196 
524 -0.021363 0.000000 0.090653 95.936799 -0.001034 12.731181 0.063405 
525 -0.021363 0.000000 -0.056065 94.831362 -0.001120 12.181951 0.085861 
526 -0.051716 0.000000 -0.056065 93.428782 -0.001199 13.197078 0.109690 
527 -0.021363 0.000000 -0.085408 94.892130 -0.001122 11.989928 0.085173 
528 3.044316 0.000000 -1.317835 99.879270 0.000388 2.144674 0.001953 
529 3.044316 0.000000 -1.787331 99.860100 0.000101 2.547400 0.002147 
530 3.529968 0.000000 -1.317835 99.910977 0.000349 2.173984 0.001307 
531 2.315838 0.000000 -0.613591 99.872688 0.002272 1.038118 0.002437 
532 2.315838 0.000000 -0.848339 99.833966 0.001200 1.457084 0.003106 
533 2.558664 0.000000 -0.613591 99.905517 0.002851 1.082014 0.001772 
534 1.465947 0.000000 -0.261469 99.772528 0.000219 -0.164488 0.004542 
535 1.344534 0.000000 -0.261469 99.709648 0.000060 -0.261275 0.005792 
536 1.465947 0.000000 -0.378843 99.695369 0.000183 0.197810 0.006079 
537 3.044316 0.000000 0.560149 100.052504 -0.001014 0.649640 -0.001093 
538 3.529968 0.000000 0.560149 100.046199 -0.000812 0.659341 -0.000968 
539 3.044316 0.000000 1.029645 100.058028 -0.001553 1.541893 -0.001399 
540 2.315838 0.000000 0.325401 100.058723 -0.002144 0.113198 -0.001176 
541 2.558664 0.000000 0.325401 100.050176 -0.001216 0.132306 -0.001006 
542 2.315838 0.000000 0.560149 100.084013 -0.001968 0.623414 -0.001720 
543 1.951599 0.000000 -0.261469 99.909814 0.001303 0.098590 0.001802 
544 1.951599 0.000000 -0.378843 99.865265 0.001568 0.421821 0.002675 
545 2.073012 0.000000 -0.261469 99.927892 0.001968 0.144363 0.001440 
546 1.951599 0.000000 0.208027 100.065129 -0.002177 -0.212376 -0.001308 
547 2.073012 0.000000 0.208027 100.056751 -0.002581 -0.186871 -0.001139 
548 1.951599 0.000000 0.325401 100.093080 -0.001855 0.053854 -0.001863 
549 1.465947 0.000000 0.208027 100.149539 0.000178 -0.429303 -0.003011 
550 1.344534 0.000000 0.208027 100.200224 0.000612 -0.521543 -0.004036 
551 1.465947 0.000000 0.325401 100.226348 0.000012 -0.136921 -0.004534 
552 1.678420 0.000000 -0.056065 99.965601 -0.000034 -0.577749 0.000654 
553 1.648066 0.000000 -0.056065 99.961775 0.000073 -0.595424 0.000729 
554 1.678420 0.000000 -0.085408 99.948942 0.000070 -0.527467 0.000993 
1 19 21 9 22 
2 20 19 22 4 
3 28 29 3 30 
4 21 28 30 9 
5 35 37 21 38 
6 36 35 38 19 
7 44 45 28 46 
8 37 44 46 21 
9 51 53 37 54 
10 52 51 54 35 
11 60 61 44 62 
12 53 60 62 37 
13 67 69 53 70 
14 68 67 70 51 
15 76 77 60 78 
16 69 76 78 53 
17 83 85 69 86 
18 84 83 86 67 
19 92 93 76 94 
20 85 92 94 69 
21 74 96 95 90 
22 96 79 97 95 
23 95 97 82 98 
24 90 95 98 5 
25 99 101 85 102 
26 100 99 102 83 
27 105 90 106 103 
28 103 106 5 107 
29 11 110 108 109 
30 110 10 24 108 
31 108 24 14 111 
32 109 108 111 6 
33 24 114 112 113 
34 114 23 40 112 
35 112 40 27 115 
36 113 112 115 14 
37 40 118 116 117 
38 118 39 56 116 
39 116 56 43 119 
40 117 116 119 27 
41 56 122 120 121 
42 121 120 123 43 
43 5 98 132 101 
44 98 82 133 132 
45 132 133 92 134 
46 101 132 134 85 
47 107 5 137 135 
48 135 137 101 138 
49 136 135 138 99 
50 141 103 142 139 
51 139 142 107 143 
52 6 111 144 145 
53 111 14 36 144 
54 144 36 19 146 
55 145 144 146 20 
56 14 115 147 148 
57 115 27 52 147 
58 147 52 35 149 
59 148 147 149 36 
60 27 119 150 151 
61 119 43 68 150 
62 150 68 51 152 
63 151 150 152 52 
64 43 123 153 154 
65 153 84 67 155 
66 154 153 155 68 
67 156 100 83 158 
68 157 156 158 84 
69 159 136 99 161 
70 160 159 161 100 
71 12 168 166 167 
72 168 7 169 166 
73 166 169 13 25 
74 167 166 25 10 
75 25 172 170 171 
76 172 13 173 170 
77 170 173 26 41 
78 171 170 41 23 
79 41 176 174 175 
80 176 26 177 174 
81 174 177 42 57 
82 175 174 57 39 
83 57 180 178 179 
84 180 42 181 178 
85 178 181 58 73 
86 179 178 73 55 
87 73 184 182 183 
88 184 58 185 182 
89 182 185 74 89 
90 183 182 89 71 
91 89 188 186 187 
92 188 74 189 186 
93 186 189 90 105 
94 187 186 105 87 
95 87 192 190 191 
96 192 105 193 190 
97 190 193 103 141 
98 196 141 197 194 
99 194 197 139 198 
100 71 201 199 200 
101 201 89 187 199 
102 199 187 87 130 
103 200 199 130 88 
104 130 204 202 203 
105 204 87 191 202 
106 164 207 205 206 
107 206 205 208 162 
108 191 211 209 210 
109 211 190 212 209 
110 209 212 141 196 
111 210 209 196 104 
112 104 215 213 214 
113 215 196 216 213 
114 213 216 194 217 
115 214 213 217 195 
116 202 220 218 219 
117 220 191 210 218 
118 218 210 104 207 
119 219 218 207 164 
120 207 223 221 222 
121 223 104 214 221 
122 221 214 195 224 
123 222 221 224 205 
124 88 235 233 234 
125 235 130 203 233 
126 231 238 236 237 
127 238 128 239 236 
128 236 239 163 240 
129 237 236 240 229 
130 241 160 100 243 
131 242 241 243 156 
132 55 250 248 249 
133 250 73 183 248 
134 248 183 71 126 
135 249 248 126 72 
136 126 253 251 252 
137 253 71 200 251 
138 251 200 88 227 
139 252 251 227 124 
140 227 256 254 255 
141 256 88 234 254 
142 246 259 257 258 
143 259 129 260 257 
144 257 260 230 261 
145 258 257 261 244 
146 120 264 262 263 
147 264 72 125 262 
148 262 125 59 265 
149 263 262 265 123 
150 125 268 266 267 
151 268 124 226 266 
152 266 226 127 269 
153 267 266 269 59 
154 226 272 270 271 
155 271 270 273 127 
156 276 246 258 274 
157 274 258 244 277 
158 124 280 278 279 
159 280 227 255 278 
160 279 278 272 226 
161 272 283 281 282 
162 283 225 275 281 
163 281 275 245 284 
164 282 281 284 270 
165 255 287 285 286 
166 287 254 288 285 
167 285 288 246 276 
168 286 285 276 225 
169 225 291 289 290 
170 291 276 292 289 
171 289 292 274 293 
172 290 289 293 275 
173 228 247 294 295 
174 247 75 296 294 
175 294 296 160 297 
176 295 294 297 241 
177 245 277 298 299 
178 277 244 300 298 
179 298 300 247 301 
180 299 298 301 228 
181 275 293 302 303 
182 293 274 304 302 
183 302 304 277 305 
184 303 302 305 245 
185 128 307 306 239 
186 307 164 206 306 
187 306 206 162 308 
188 239 306 308 163 
189 131 165 309 310 
190 165 91 311 309 
191 309 311 136 312 
192 310 309 312 159 
193 162 208 313 314 
194 208 140 315 313 
195 313 315 91 316 
196 314 313 316 165 
197 205 224 317 318 
198 224 195 319 317 
199 317 319 140 320 
200 318 317 320 208 
201 15 322 321 33 
202 322 17 323 321 
203 321 323 8 324 
204 33 321 324 18 
205 31 326 325 49 
206 326 33 327 325 
207 325 327 18 328 
208 49 325 328 34 
209 330 49 331 329 
210 329 331 34 332 
211 79 338 337 97 
212 97 337 340 82 
213 18 324 341 45 
214 324 8 342 341 
215 341 342 29 343 
216 45 341 343 28 
217 34 328 344 61 
218 328 18 345 344 
219 344 345 45 346 
220 61 344 346 44 
221 332 34 348 347 
222 347 348 61 349 
223 77 347 349 60 
224 350 351 77 352 
225 93 350 352 76 
226 357 359 350 360 
227 358 357 360 93 
228 65 367 366 335 
229 367 329 368 366 
230 366 368 332 369 
231 335 366 369 50 
232 333 371 370 355 
233 371 335 372 370 
234 370 372 50 373 
235 355 370 373 336 
236 353 375 374 364 
237 375 355 376 374 
238 374 376 336 377 
239 364 374 377 356 
240 82 340 378 133 
241 378 358 93 379 
242 133 378 379 92 
243 66 365 380 381 
244 365 356 382 380 
245 380 382 357 383 
246 381 380 383 358 
247 386 364 387 384 
248 384 387 356 388 
249 385 384 388 365 
250 337 391 389 390 
251 391 339 362 389 
252 389 362 66 392 
253 390 389 392 340 
254 362 395 393 394 
255 393 385 365 396 
256 394 393 396 66 
257 7 398 397 169 
258 398 16 399 397 
259 397 399 15 32 
260 169 397 32 13 
261 13 401 400 173 
262 401 32 402 400 
263 400 402 31 48 
264 173 400 48 26 
265 26 404 403 177 
266 404 48 405 403 
267 403 405 47 64 
268 177 403 64 42 
269 64 408 406 407 
270 408 47 409 406 
271 406 409 65 334 
272 407 406 334 63 
273 63 412 410 411 
274 412 334 413 410 
275 410 413 333 354 
276 411 410 354 81 
277 81 416 414 415 
278 416 354 417 414 
279 414 417 353 363 
280 415 414 363 339 
281 363 420 418 419 
282 420 353 421 418 
283 418 421 364 386 
284 424 386 425 422 
285 422 425 384 426 
286 423 422 426 385 
287 339 429 427 428 
288 429 363 419 427 
289 428 427 395 362 
290 395 432 430 431 
291 432 361 423 430 
292 430 423 385 433 
293 431 430 433 393 
294 419 436 434 435 
295 436 418 437 434 
296 434 437 386 424 
297 435 434 424 361 
298 361 440 438 439 
299 440 424 441 438 
300 438 441 422 442 
301 439 438 442 423 
302 1 445 443 444 
303 445 12 167 443 
304 443 167 10 110 
305 444 443 110 11 
306 16 447 446 399 
307 447 2 448 446 
308 446 448 17 322 
309 399 446 322 15 
310 10 451 449 450 
311 451 25 171 449 
312 449 171 23 114 
313 450 449 114 24 
314 32 453 452 402 
315 453 15 454 452 
316 452 454 33 326 
317 402 452 326 31 
318 23 457 455 456 
319 457 41 175 455 
320 455 175 39 118 
321 456 455 118 40 
322 48 459 458 405 
323 459 31 460 458 
324 458 460 49 330 
325 405 458 330 47 
326 39 463 461 462 
327 463 57 179 461 
328 461 179 55 122 
329 462 461 122 56 
330 42 465 464 181 
331 465 64 407 464 
332 464 407 63 80 
333 181 464 80 58 
334 58 467 466 185 
335 467 80 468 466 
336 466 468 79 96 
337 185 466 96 74 
338 80 470 469 468 
339 470 63 411 469 
340 469 411 81 338 
341 468 469 338 79 
342 122 473 471 472 
343 473 55 249 471 
344 471 249 72 264 
345 472 471 264 120 
346 72 476 474 475 
347 476 126 252 474 
348 474 252 124 268 
349 475 474 268 125 
350 91 143 477 311 
351 143 107 478 477 
352 477 478 135 479 
353 311 477 479 136 
354 140 198 480 315 
355 198 139 481 480 
356 480 481 143 482 
357 315 480 482 91 
358 123 265 483 484 
359 265 59 157 483 
360 483 157 84 485 
361 484 483 485 153 
362 59 269 486 487 
363 269 127 242 486 
364 486 242 156 488 
365 487 486 488 157 
366 75 232 489 296 
367 232 131 310 489 
368 489 310 159 490 
369 296 489 490 160 
370 163 308 491 492 
371 308 162 314 491 
372 491 314 165 493 
373 492 491 493 131 
374 195 217 494 319 
375 217 194 495 494 
376 494 495 198 496 
377 319 494 496 140 
378 203 499 497 498 
379 499 202 219 497 
380 497 219 164 307 
381 498 497 307 128 
382 129 501 500 260 
383 501 231 237 500 
384 500 237 229 502 
385 260 500 502 230 
386 229 240 503 504 
387 240 163 492 503 
388 503 492 131 505 
389 504 503 505 232 
390 230 502 506 507 
391 502 229 504 506 
392 506 504 232 508 
393 507 506 508 75 
394 233 511 509 510 
395 511 203 498 509 
396 509 498 128 238 
397 510 509 238 231 
398 234 514 512 513 
399 514 233 510 512 
400 512 510 231 501 
401 513 512 501 129 
402 127 273 515 516 
403 273 228 295 515 
404 515 295 241 517 
405 516 515 517 242 
406 244 261 518 300 
407 261 230 507 518 
408 518 507 75 519 
409 300 518 519 247 
410 254 521 520 288 
411 521 234 513 520 
412 520 513 129 259 
413 288 520 259 246 
414 270 284 522 523 
415 284 245 299 522 
416 522 299 228 524 
417 523 522 524 273 
418 278 527 525 526 
419 527 255 286 525 
420 525 286 225 283 
421 526 525 283 272 
422 47 529 528 409 
423 529 330 530 528 
424 528 530 329 367 
425 409 528 367 65 
426 334 532 531 413 
427 532 65 533 531 
428 531 533 335 371 
429 413 531 371 333 
430 338 536 534 535 
431 536 81 415 534 
432 534 415 339 391 
433 535 534 391 337 
434 50 369 537 351 
435 369 332 538 537 
436 537 538 347 539 
437 351 537 539 77 
438 336 373 540 359 
439 373 50 541 540 
440 540 541 351 542 
441 359 540 542 350 
442 354 544 543 417 
443 544 333 545 543 
444 543 545 355 375 
445 417 543 375 353 
446 356 377 546 382 
447 377 336 547 546 
448 546 547 359 548 
449 382 546 548 357 
450 340 392 549 550 
451 392 66 381 549 
452 549 381 358 551 
453 550 549 551 378 
454 427 554 552 553 
455 554 419 435 552 
456 552 435 361 432 
457 553 552 432 395 
