2 0.000000 100.000000 5791.461216
464 385 
1 -14.924812 0.000000 -14.933221 99.981742 0.000000 1.745786 0.000060 
2 16.156923 0.000000 -14.933221 99.982202 0.000006 1.727707 0.000057 
3 16.156923 0.000000 15.114527 99.987813 -0.000008 1.726948 -0.000055 
4 -14.924812 0.000000 15.114527 99.987840 -0.000000 1.745773 -0.000062 
5 0.616056 0.000000 0.090653 84.042580 0.003257 -11.003424 0.281577 
6 -14.924812 0.000000 0.090653 99.984794 -0.000000 1.749541 -0.000002 
7 0.616056 0.000000 -14.933221 99.976177 0.000003 1.736116 0.000175 
8 16.156923 0.000000 0.090653 100.035722 0.018941 -1.183678 -0.000855 
9 0.616056 0.000000 15.114527 99.993515 -0.000003 1.736085 -0.000172 
10 -7.154378 0.000000 -7.421284 99.972112 0.000002 1.747221 0.000252 
11 -14.924812 0.000000 -7.421284 99.981726 0.000000 1.747785 0.000060 
12 -7.154378 0.000000 -14.933221 99.978500 0.000001 1.743463 0.000126 
13 0.616056 0.000000 -7.421284 99.950659 0.000020 1.707166 0.000695 
14 -7.154378 0.000000 0.090653 99.984687 -0.000000 1.763364 -0.000005 
15 8.386489 0.000000 -7.421284 99.974926 0.000047 1.675564 0.000221 
16 8.386489 0.000000 -14.933221 99.979062 0.000005 1.729392 0.000120 
17 16.156923 0.000000 -7.421284 99.983123 0.000048 1.677906 0.000056 
18 8.386489 0.000000 0.090653 100.038446 0.001883 -1.383369 -0.000960 
19 -7.154378 0.000000 7.602590 99.997424 -0.000002 1.747250 -0.000254 
20 -14.924812 0.000000 7.602590 99.987859 -0.000000 1.747775 -0.000063 
21 0.616056 0.000000 7.602590 100.018920 -0.000021 1.708067 -0.000670 
22 -7.154378 0.000000 15.114527 99.991103 -0.000001 1.743448 -0.000126 
23 -3.269161 0.000000 -3.665316 99.930285 0.000011 1.751541 0.001087 
24 -7.154378 0.000000 -3.665316 99.971691 0.000002 1.755644 0.000258 
25 -3.269161 0.000000 -7.421284 99.958902 0.000006 1.737111 0.000520 
26 0.616056 0.000000 -3.665316 99.854397 0.000110 1.588459 0.002658 
27 -3.269161 0.000000 0.090653 99.982989 0.000000 1.825210 0.000007 
28 8.386489 0.000000 7.602590 99.996296 -0.000055 1.674592 -0.000206 
29 16.156923 0.000000 7.602590 99.988581 -0.000063 1.672467 -0.000051 
30 8.386489 0.000000 15.114527 99.990819 -0.000006 1.729125 -0.000115 
31 4.501272 0.000000 -3.665316 99.948602 0.000365 1.481897 0.000808 
32 4.501272 0.000000 -7.421284 99.962782 0.000039 1.681618 0.000461 
33 8.386489 0.000000 -3.665316 99.978512 0.000390 1.490885 0.000207 
34 4.501272 0.000000 0.090653 100.033881 -0.006821 -1.389717 -0.000871 
35 -3.269161 0.000000 3.846622 100.037914 -0.000010 1.752296 -0.001065 
36 -7.154378 0.000000 3.846622 99.997739 -0.000002 1.755675 -0.000263 
37 0.616056 0.000000 3.846622 100.111783 -0.000102 1.598567 -0.002492 
38 -3.269161 0.000000 7.602590 100.010499 -0.000007 1.737383 -0.000512 
39 -1.326553 0.000000 -1.787331 99.745692 0.000041 1.757114 0.004771 
40 -3.269161 0.000000 -1.787331 99.925561 0.000009 1.788542 0.001168 
41 -1.326553 0.000000 -3.665316 99.877379 0.000033 1.706066 0.002160 
42 0.616056 0.000000 -1.787331 99.549528 0.000352 1.176647 0.008851 
43 -1.326553 0.000000 0.090653 99.967666 -0.000000 2.119981 0.000197 
44 4.501272 0.000000 3.846622 100.025684 -0.000357 1.490817 -0.000736 
45 8.386489 0.000000 3.846622 99.998575 -0.000433 1.485654 -0.000192 
46 4.501272 0.000000 7.602590 100.007719 -0.000042 1.682272 -0.000437 
47 2.558664 0.000000 -1.787331 99.860489 0.001941 0.908171 0.002706 
48 2.558664 0.000000 -3.665316 99.904553 0.000262 1.500861 0.001683 
49 4.501272 0.000000 -1.787331 99.960576 0.002749 0.941609 0.000700 
50 2.558664 0.000000 0.090653 100.012123 -0.010637 -1.459527 -0.000456 
51 -1.326553 0.000000 1.968637 100.209122 -0.000039 1.765157 -0.004498 
52 -3.269161 0.000000 1.968637 100.041157 -0.000008 1.789035 -0.001143 
53 0.616056 0.000000 1.968637 100.396195 -0.000305 1.234515 -0.008092 
54 -1.326553 0.000000 3.846622 100.088706 -0.000031 1.709419 -0.002067 
55 -0.355249 0.000000 -0.848339 99.001709 0.000087 1.715435 0.019572 
56 -1.326553 0.000000 -0.848339 99.703732 0.000039 1.925043 0.005546 
57 -0.355249 0.000000 -1.787331 99.563559 0.000114 1.557897 0.008467 
58 0.616056 0.000000 -0.848339 98.916336 0.000394 0.203239 0.021552 
59 -0.355249 0.000000 0.090653 99.874299 -0.000001 3.824509 0.001050 
60 2.558664 0.000000 1.968637 100.115958 -0.001580 0.973079 -0.002415 
61 4.501272 0.000000 1.968637 100.028192 -0.002505 0.981824 -0.000660 
62 2.558664 0.000000 3.846622 100.066064 -0.000243 1.513289 -0.001551 
63 1.587360 0.000000 -0.848339 99.674206 0.002945 -0.093290 0.006504 
64 1.587360 0.000000 -1.787331 99.730346 0.000945 0.955145 0.005295 
65 2.558664 0.000000 -0.848339 99.894454 0.010115 -0.008717 0.002110 
66 1.587360 0.000000 0.090653 100.026502 -0.002113 -1.711657 -0.000823 
67 -0.355249 0.000000 1.029645 100.875717 -0.000088 1.753572 -0.017899 
68 -1.326553 0.000000 1.029645 100.239023 -0.000027 1.931616 -0.005159 
69 0.616056 0.000000 1.029645 100.976424 -0.000374 0.379087 -0.019638 
70 -0.355249 0.000000 1.968637 100.379490 -0.000106 1.584622 -0.007855 
71 0.130404 0.000000 -0.378843 97.069234 0.000100 0.883336 0.057678 
72 -0.355249 0.000000 -0.378843 98.619584 0.000058 2.392203 0.026845 
73 0.130404 0.000000 -0.848339 98.661636 0.000173 0.999602 0.026488 
74 0.616056 0.000000 -0.378843 98.271634 0.000232 -1.380126 0.034078 
75 0.130404 0.000000 0.090653 99.882570 -0.000842 2.886202 0.001514 
76 1.587360 0.000000 1.029645 100.302690 -0.002376 0.063396 -0.006063 
77 2.558664 0.000000 1.029645 100.094178 -0.007451 0.120506 -0.001886 
78 1.587360 0.000000 1.968637 100.233172 -0.000777 1.024729 -0.004774 
79 1.101708 0.000000 -0.378843 99.451819 0.000825 -1.292695 0.010766 
80 1.101708 0.000000 -0.848339 99.387628 0.001059 -0.083193 0.012209 
81 1.587360 0.000000 -0.378843 99.778851 0.003763 -1.031677 0.004312 
82 1.101708 0.000000 0.090653 100.069677 -0.000228 -2.162336 -0.001862 
83 0.130404 0.000000 0.560149 102.763104 -0.000111 0.955608 -0.056117 
84 -0.355249 0.000000 0.560149 101.211273 -0.000442 2.454758 -0.024975 
85 0.616056 0.000000 0.560149 101.519662 -0.000278 -1.021493 -0.030729 
86 0.130404 0.000000 1.029645 101.222711 -0.000166 1.104304 -0.024726 
87 0.373230 0.000000 -0.144095 98.424264 0.000505 -9.318214 0.022584 
88 0.130404 0.000000 -0.144095 98.859010 -0.001066 4.201703 0.020924 
89 0.373230 0.000000 -0.378843 97.290924 0.000149 -0.600300 0.053412 
90 0.616056 0.000000 -0.144095 98.284388 0.000078 -3.113667 0.033048 
91 0.373230 0.000000 0.090653 99.422006 0.000437 -8.861505 0.003674 
92 1.101708 0.000000 0.560149 100.568165 -0.000972 -0.964532 -0.011489 
93 1.587360 0.000000 0.560149 100.237679 -0.004009 -0.787400 -0.004821 
94 1.101708 0.000000 1.029645 100.567393 -0.000946 0.101440 -0.011381 
95 0.858882 0.000000 -0.144095 99.319530 0.000129 -2.481895 0.012947 
96 0.858882 0.000000 -0.378843 99.036188 0.000404 -1.436118 0.018977 
97 1.101708 0.000000 -0.144095 99.695629 0.000174 -2.030063 0.005666 
98 0.858882 0.000000 0.090653 100.049328 -0.000041 -2.746709 -0.001741 
99 0.373230 0.000000 0.325401 103.705174 -0.000106 -2.308488 -0.076009 
100 0.130404 0.000000 0.325401 105.290214 -0.000070 1.219306 -0.108752 
101 0.616056 0.000000 0.325401 101.463060 -0.000173 -2.509611 -0.030105 
102 0.373230 0.000000 0.560149 102.394737 -0.000171 -0.429947 -0.048487 
103 0.494643 0.000000 -0.026721 96.245258 0.000845 -10.835818 0.061944 
104 0.373230 0.000000 -0.026721 98.941964 0.000466 -8.816591 0.013276 
105 0.494643 0.000000 -0.144095 95.247700 0.000993 -11.188820 0.080269 
106 0.616056 0.000000 -0.026721 88.833344 0.002585 -11.503174 0.197631 
107 0.494643 0.000000 0.090653 96.468420 0.000819 -10.910256 0.057481 
108 -11.039595 0.000000 -3.665316 99.980358 0.000000 1.751337 0.000086 
109 -14.924812 0.000000 -3.665316 99.982843 0.000000 1.748995 0.000037 
110 -11.039595 0.000000 -7.421284 99.978822 0.000001 1.748317 0.000118 
111 -11.039595 0.000000 0.090653 99.984786 -0.000000 1.753022 -0.000003 
112 -5.211770 0.000000 -1.787331 99.965132 0.000003 1.770855 0.000384 
113 -7.154378 0.000000 -1.787331 99.976316 0.000001 1.760929 0.000164 
114 -5.211770 0.000000 -3.665316 99.959064 0.000004 1.757529 0.000510 
115 -5.211770 0.000000 0.090653 99.984412 -0.000000 1.778555 -0.000005 
116 -2.297857 0.000000 -0.848339 99.890920 0.000011 1.856093 0.001836 
117 -3.269161 0.000000 -0.848339 99.945100 0.000005 1.813356 0.000769 
118 -2.297857 0.000000 -1.787331 99.865380 0.000018 1.797612 0.002367 
119 -2.297857 0.000000 0.090653 99.979652 -0.000000 1.895096 0.000048 
120 -0.840901 0.000000 -0.378843 99.505884 0.000025 2.255101 0.009349 
121 -1.326553 0.000000 -0.378843 99.784509 0.000021 2.053439 0.003884 
122 -0.840901 0.000000 -0.848339 99.453057 0.000048 1.920895 0.010540 
123 -0.840901 0.000000 0.090653 99.948361 -0.000004 2.494865 0.000410 
124 -0.112422 0.000000 -0.144095 90.058932 -0.001680 13.667890 0.170258 
125 -0.355249 0.000000 -0.144095 98.778700 0.000029 3.199927 0.023253 
126 -0.112422 0.000000 -0.378843 97.746414 0.000081 2.002077 0.044163 
127 -0.112422 0.000000 0.090653 92.640488 -0.001531 13.524487 0.123483 
128 0.251817 0.000000 -0.026721 97.769256 -0.000378 -0.769364 0.044058 
129 0.130404 0.000000 -0.026721 97.614541 -0.000776 2.247491 0.046635 
130 0.251817 0.000000 -0.144095 100.906388 -0.000117 -4.994036 -0.020704 
131 0.251817 0.000000 0.090653 101.168447 -0.000220 -0.595999 -0.023541 
132 0.858882 0.000000 0.325401 100.659106 -0.000327 -1.968108 -0.013613 
133 1.101708 0.000000 0.325401 100.437477 -0.000394 -1.597739 -0.009024 
134 0.858882 0.000000 0.560149 100.900100 -0.000496 -1.056467 -0.018195 
135 0.494643 0.000000 0.208027 94.118333 0.001465 -12.992348 0.097294 
136 0.373230 0.000000 0.208027 99.472547 0.000545 -10.172934 0.000172 
137 0.616056 0.000000 0.208027 100.996210 -0.000118 -3.461407 -0.021222 
138 0.494643 0.000000 0.325401 102.367464 -0.000133 -2.672084 -0.048624 
139 0.433936 0.000000 0.031966 98.080601 0.000607 -9.752043 0.028509 
140 0.373230 0.000000 0.031966 99.120113 0.000462 -8.905378 0.009590 
141 0.433936 0.000000 -0.026721 97.958835 0.000611 -9.683967 0.031029 
142 0.494643 0.000000 0.031966 96.313685 0.000841 -10.884192 0.060521 
143 0.433936 0.000000 0.090653 98.349470 0.000575 -9.738888 0.023254 
144 -11.039595 0.000000 3.846622 99.989217 -0.000001 1.751332 -0.000091 
145 -14.924812 0.000000 3.846622 99.986744 -0.000000 1.748989 -0.000041 
146 -11.039595 0.000000 7.602590 99.990760 -0.000001 1.748309 -0.000121 
147 -5.211770 0.000000 1.968637 100.003772 -0.000003 1.770947 -0.000389 
148 -7.154378 0.000000 1.968637 99.993072 -0.000001 1.760944 -0.000172 
149 -5.211770 0.000000 3.846622 100.010052 -0.000004 1.757685 -0.000510 
150 -2.297857 0.000000 1.029645 100.069464 -0.000011 1.857576 -0.001735 
151 -3.269161 0.000000 1.029645 100.021071 -0.000005 1.813692 -0.000750 
152 -2.297857 0.000000 1.968637 100.094678 -0.000016 1.795881 -0.002217 
153 -0.840901 0.000000 0.560149 100.391772 -0.000031 2.254104 -0.008359 
154 -1.326553 0.000000 0.560149 100.152909 -0.000022 2.057505 -0.003484 
155 -0.840901 0.000000 1.029645 100.468484 -0.000051 1.939144 -0.009768 
156 -0.112422 0.000000 0.325401 102.709230 -0.000046 3.680397 -0.056273 
157 -0.355249 0.000000 0.325401 100.981713 -0.000029 3.246405 -0.020785 
158 -0.112422 0.000000 0.560149 102.080422 -0.000080 2.132130 -0.042496 
159 0.251817 0.000000 0.208027 102.291257 0.000180 -5.793959 -0.049707 
160 0.130404 0.000000 0.208027 99.569665 -0.001061 6.721114 0.004071 
161 0.251817 0.000000 0.325401 104.996281 -0.000086 -0.942586 -0.102511 
162 0.312523 0.000000 0.031966 103.429452 -0.000032 -9.422639 -0.078644 
163 0.251817 0.000000 0.031966 103.194544 -0.000308 -4.315744 -0.066774 
164 0.312523 0.000000 -0.026721 99.619598 0.000031 -5.339305 0.004743 
165 0.312523 0.000000 0.090653 101.138934 0.000168 -6.376127 -0.026974 
166 -3.269161 0.000000 -11.177253 99.971354 0.000003 1.738510 0.000271 
167 -7.154378 0.000000 -11.177253 99.975726 0.000001 1.744165 0.000181 
168 -3.269161 0.000000 -14.933221 99.976780 0.000002 1.740380 0.000161 
169 0.616056 0.000000 -11.177253 99.969514 0.000006 1.728751 0.000311 
170 -1.326553 0.000000 -5.543300 99.929998 0.000020 1.715299 0.001105 
171 -3.269161 0.000000 -5.543300 99.946892 0.000009 1.739429 0.000759 
172 -1.326553 0.000000 -7.421284 99.952361 0.000011 1.724248 0.000655 
173 0.616056 0.000000 -5.543300 99.924792 0.000042 1.676398 0.001223 
174 -0.355249 0.000000 -2.726323 99.767452 0.000087 1.610503 0.004386 
175 -1.326553 0.000000 -2.726323 99.824848 0.000040 1.711773 0.003207 
176 -0.355249 0.000000 -3.665316 99.855450 0.000061 1.653037 0.002616 
177 0.616056 0.000000 -2.726323 99.764405 0.000226 1.470787 0.004490 
178 0.130404 0.000000 -1.317835 99.243916 0.000219 1.216896 0.014916 
179 -0.355249 0.000000 -1.317835 99.356538 0.000126 1.563011 0.012584 
180 0.130404 0.000000 -1.787331 99.518343 0.000216 1.370876 0.009422 
181 0.616056 0.000000 -1.317835 99.322657 0.000387 0.850779 0.013429 
182 0.373230 0.000000 -0.613591 98.198705 0.000215 0.136726 0.035700 
183 0.130404 0.000000 -0.613591 98.091965 0.000143 0.893634 0.037717 
184 0.373230 0.000000 -0.848339 98.714399 0.000256 0.553970 0.025516 
185 0.616056 0.000000 -0.613591 98.612182 0.000339 -0.385942 0.027549 
186 0.494643 0.000000 -0.261469 97.367490 0.000133 -1.944435 0.051579 
187 0.373230 0.000000 -0.261469 96.526885 0.000109 -1.248489 0.068100 
188 0.494643 0.000000 -0.378843 97.760915 0.000184 -1.118045 0.044155 
189 0.616056 0.000000 -0.261469 98.170261 0.000165 -2.142918 0.035801 
190 0.433936 0.000000 -0.085408 97.053767 0.000605 -9.611720 0.048818 
191 0.373230 0.000000 -0.085408 98.966840 0.000448 -8.648343 0.013077 
192 0.433936 0.000000 -0.144095 96.233896 0.000695 -9.930993 0.064041 
193 0.494643 0.000000 -0.085408 96.285837 0.000829 -10.781697 0.061279 
194 0.403583 0.000000 0.002622 86.533669 0.002280 -10.036369 0.241120 
195 0.373230 0.000000 0.002622 98.692656 -0.000116 -10.278887 0.015410 
196 0.403583 0.000000 -0.026721 97.891817 0.000510 -9.176795 0.033298 
197 0.433936 0.000000 0.002622 97.993776 0.000613 -9.727686 0.030259 
198 0.403583 0.000000 0.031966 98.862104 0.000505 -8.993744 0.014540 
199 0.251817 0.000000 -0.261469 96.092219 0.000089 -0.106594 0.076627 
200 0.130404 0.000000 -0.261469 92.893182 -0.002139 4.512365 0.135050 
201 0.251817 0.000000 -0.378843 97.033085 0.000121 0.124207 0.058456 
202 0.312523 0.000000 -0.085408 99.893969 0.000177 -6.920844 -0.002670 
203 0.251817 0.000000 -0.085408 100.870434 -0.000275 -2.591870 -0.018156 
204 0.312523 0.000000 -0.144095 99.225930 0.000251 -7.702522 0.009489 
205 0.342876 0.000000 0.002622 100.031251 -0.000145 -8.719114 -0.008227 
206 0.312523 0.000000 0.002622 100.623760 -0.000169 -6.780431 -0.017112 
207 0.342876 0.000000 -0.026721 99.787134 0.000332 -7.738745 -0.001736 
208 0.342876 0.000000 0.031966 101.966027 0.000182 -10.242221 -0.050197 
209 0.403583 0.000000 -0.056065 97.890308 0.000499 -9.101989 0.033464 
210 0.373230 0.000000 -0.056065 98.932721 0.000459 -8.735972 0.013600 
211 0.403583 0.000000 -0.085408 98.145016 0.000562 -9.509759 0.027712 
212 0.433936 0.000000 -0.056065 97.975024 0.000602 -9.627294 0.030821 
213 0.388406 0.000000 -0.012049 98.834118 0.000492 -8.906767 0.015249 
214 0.373230 0.000000 -0.012049 97.007792 0.000124 -5.835693 0.055543 
215 0.388406 0.000000 -0.026721 98.814647 0.000490 -8.874473 0.015691 
216 0.403583 0.000000 -0.012049 98.726722 0.000512 -8.948476 0.017296 
217 0.388406 0.000000 0.002622 95.750805 0.004291 -16.509794 0.055921 
218 0.342876 0.000000 -0.056065 99.755387 0.000326 -7.642706 -0.000955 
219 0.312523 0.000000 -0.056065 100.558146 0.000176 -6.296110 -0.015158 
220 0.342876 0.000000 -0.085408 98.996054 0.000314 -8.050222 0.013498 
221 0.358053 0.000000 -0.012049 98.102657 0.000147 -6.003710 0.033982 
222 0.342876 0.000000 -0.012049 97.702991 0.000061 -5.287413 0.042617 
223 0.358053 0.000000 -0.026721 99.616195 0.000362 -7.847198 0.001504 
224 0.358053 0.000000 0.002622 97.996999 -0.000290 -6.590234 0.035316 
225 0.008991 0.000000 -0.026721 96.147821 -0.001300 9.347464 0.066822 
226 -0.112422 0.000000 -0.026721 92.060050 -0.001566 13.089203 0.135362 
227 0.008991 0.000000 -0.144095 95.633199 -0.001365 9.864702 0.075698 
228 0.008991 0.000000 0.090653 97.084458 -0.001232 9.655788 0.048137 
229 0.191110 0.000000 0.031966 103.457956 -0.000357 -1.268020 -0.070516 
230 0.130404 0.000000 0.031966 109.807665 -0.000095 2.320144 -0.206311 
231 0.191110 0.000000 -0.026721 97.720704 -0.000561 0.707912 0.045016 
232 0.191110 0.000000 0.090653 99.181069 -0.000447 0.325908 0.016301 
233 0.191110 0.000000 -0.085408 98.356579 -0.000479 0.302703 0.032589 
234 0.130404 0.000000 -0.085408 98.969095 -0.000898 2.658286 0.019805 
235 0.191110 0.000000 -0.144095 98.029457 -0.000474 0.314106 0.039013 
236 0.221463 0.000000 0.002622 97.502654 -0.000526 0.143078 0.049321 
237 0.191110 0.000000 0.002622 99.941108 -0.000520 -0.093221 0.001177 
238 0.221463 0.000000 -0.026721 98.108135 -0.000439 -0.194696 0.037476 
239 0.251817 0.000000 0.002622 99.827111 -0.000381 -2.124115 0.003004 
240 0.221463 0.000000 0.031966 112.868771 -0.000186 -7.672879 -0.279823 
241 0.008991 0.000000 0.208027 97.311610 -0.001272 10.913131 0.041135 
242 -0.112422 0.000000 0.208027 84.350064 -0.001443 19.439766 0.250716 
243 0.008991 0.000000 0.325401 104.226062 -0.000057 3.033413 -0.087227 
244 0.069697 0.000000 0.031966 107.341934 -0.000772 12.336910 -0.167449 
245 0.008991 0.000000 0.031966 96.518490 -0.001270 9.663598 0.059080 
246 0.069697 0.000000 -0.026721 97.700451 -0.001400 6.203308 0.041614 
247 0.069697 0.000000 0.090653 98.930818 -0.001092 6.802806 0.016642 
248 -0.112422 0.000000 -0.613591 98.362521 0.000114 1.558572 0.032239 
249 -0.355249 0.000000 -0.613591 98.796406 0.000284 1.931216 0.023554 
250 -0.112422 0.000000 -0.848339 98.771084 0.000138 1.423322 0.024225 
251 0.008991 0.000000 -0.261469 91.733427 -0.002713 -12.017601 0.144056 
252 -0.112422 0.000000 -0.261469 97.348064 0.000061 2.465827 0.051727 
253 0.008991 0.000000 -0.378843 97.338417 0.000082 1.528432 0.052290 
254 0.069697 0.000000 -0.085408 97.481455 -0.001188 7.115572 0.044673 
255 0.008991 0.000000 -0.085408 96.164220 -0.001305 8.953961 0.067227 
256 0.069697 0.000000 -0.144095 96.927992 -0.001235 7.993697 0.054107 
257 0.100050 0.000000 0.002622 99.081396 -0.001332 5.197989 0.015586 
258 0.069697 0.000000 0.002622 99.353412 -0.001490 7.549053 0.007191 
259 0.100050 0.000000 -0.026721 98.137236 -0.001255 4.447469 0.034930 
260 0.130404 0.000000 0.002622 98.343210 -0.000936 2.769266 0.032094 
261 0.100050 0.000000 0.031966 108.834023 -0.000510 7.378567 -0.189929 
262 -0.598075 0.000000 -0.144095 99.431024 0.000016 2.710265 0.010613 
263 -0.840901 0.000000 -0.144095 99.680835 0.000011 2.422335 0.005786 
264 -0.598075 0.000000 -0.378843 99.191262 0.000039 2.376056 0.015545 
265 -0.598075 0.000000 0.090653 99.924664 0.000022 2.891387 0.000670 
266 -0.233835 0.000000 -0.026721 71.981546 -0.001857 12.799520 0.465483 
267 -0.355249 0.000000 -0.026721 99.201806 0.000014 3.632910 0.014580 
268 -0.233835 0.000000 -0.144095 98.045944 0.000034 3.449612 0.037509 
269 -0.233835 0.000000 0.090653 47.113240 -0.001564 30.053580 0.687712 
270 -0.051716 0.000000 0.031966 95.014132 -0.001355 10.966268 0.085206 
271 -0.112422 0.000000 0.031966 92.248169 -0.001549 13.349292 0.131207 
272 -0.051716 0.000000 -0.026721 94.737185 -0.001379 10.675635 0.091090 
273 -0.051716 0.000000 0.090653 95.722328 -0.001340 11.381668 0.070769 
274 0.039344 0.000000 0.002622 100.083079 -0.001452 9.940393 -0.011543 
275 0.008991 0.000000 0.002622 78.331660 -0.001506 24.644761 0.325679 
276 0.039344 0.000000 -0.026721 97.406828 -0.001497 6.654460 0.046763 
277 0.039344 0.000000 0.031966 105.115129 -0.000904 16.983277 -0.133762 
278 -0.051716 0.000000 -0.085408 93.810321 -0.001472 11.535687 0.106655 
279 -0.112422 0.000000 -0.085408 92.136245 -0.001575 12.856720 0.134562 
280 -0.051716 0.000000 -0.144095 92.510295 -0.001578 12.048231 0.129669 
281 -0.021363 0.000000 0.002622 95.808373 -0.001301 9.695383 0.072676 
282 -0.051716 0.000000 0.002622 94.822304 -0.001369 10.840732 0.089121 
283 -0.021363 0.000000 -0.026721 95.006913 -0.001374 10.592938 0.086148 
284 -0.021363 0.000000 0.031966 96.144637 -0.001306 10.074406 0.065472 
285 0.039344 0.000000 -0.056065 97.113303 -0.001235 7.852292 0.050735 
286 0.008991 0.000000 -0.056065 96.114041 -0.001305 9.142857 0.067850 
287 0.039344 0.000000 -0.085408 97.108893 -0.001234 7.657193 0.051123 
288 0.069697 0.000000 -0.056065 97.995011 -0.001165 6.492957 0.035482 
289 0.024167 0.000000 -0.012049 98.586095 -0.002078 0.702016 0.028029 
290 0.008991 0.000000 -0.012049 96.746860 -0.002092 -4.401920 0.062067 
291 0.024167 0.000000 -0.026721 96.888286 -0.001241 8.216880 0.054514 
292 0.039344 0.000000 -0.012049 97.611505 -0.001957 4.508165 0.045167 
293 0.024167 0.000000 0.002622 99.391339 -0.001595 10.211042 0.001710 
294 0.069697 0.000000 0.149340 98.884091 -0.001109 7.623355 0.016382 
295 0.008991 0.000000 0.149340 97.740838 -0.001224 9.698140 0.035267 
296 0.130404 0.000000 0.149340 100.054161 -0.000987 4.450956 -0.003065 
297 0.069697 0.000000 0.208027 98.756652 -0.001175 9.010802 0.016593 
298 0.039344 0.000000 0.061309 97.850102 -0.001178 8.345431 0.035571 
299 0.008991 0.000000 0.061309 96.801290 -0.001251 9.702757 0.053537 
300 0.069697 0.000000 0.061309 98.756650 -0.001109 6.886836 0.019970 
301 0.039344 0.000000 0.090653 98.085590 -0.001160 8.270037 0.031082 
302 0.024167 0.000000 0.017294 103.719983 -0.000824 27.609330 -0.152011 
303 0.008991 0.000000 0.017294 95.731049 -0.000962 31.498450 -0.015659 
304 0.039344 0.000000 0.017294 106.992935 -0.000828 20.221611 -0.185640 
305 0.024167 0.000000 0.031966 101.095643 -0.001057 13.798252 -0.041072 
306 0.282170 0.000000 0.002622 101.752918 -0.000216 -4.662107 -0.037539 
307 0.282170 0.000000 -0.026721 99.984917 -0.000151 -2.796597 -0.000480 
308 0.282170 0.000000 0.031966 104.499174 -0.000151 -6.573865 -0.096329 
309 0.312523 0.000000 0.149340 100.855373 0.000252 -7.376323 -0.022622 
310 0.251817 0.000000 0.149340 102.674439 -0.000042 -2.790787 -0.054983 
311 0.373230 0.000000 0.149340 99.995375 0.000488 -9.243270 -0.008451 
312 0.312523 0.000000 0.208027 100.663294 0.000426 -8.991194 -0.021394 
313 0.342876 0.000000 0.061309 100.146675 0.000320 -7.808371 -0.009033 
314 0.312523 0.000000 0.061309 101.000645 0.000174 -6.456683 -0.024282 
315 0.373230 0.000000 0.061309 99.266830 0.000451 -8.898325 0.006692 
316 0.342876 0.000000 0.090653 100.298675 0.000311 -7.747262 -0.011984 
317 0.358053 0.000000 0.017294 102.360935 -0.000129 -12.646975 -0.063771 
318 0.342876 0.000000 0.017294 102.656238 -0.000084 -11.943306 -0.068095 
319 0.373230 0.000000 0.017294 101.705247 0.000169 -14.791743 -0.056275 
320 0.358053 0.000000 0.031966 101.148056 0.000186 -10.428932 -0.033969 
321 12.271706 0.000000 -3.665316 99.985065 0.000373 1.502284 0.000073 
322 12.271706 0.000000 -7.421284 99.980640 0.000049 1.676210 0.000106 
323 16.156923 0.000000 -3.665316 99.987006 0.000355 1.511603 0.000031 
324 12.271706 0.000000 0.090653 100.037868 0.011222 -1.316571 -0.000931 
325 6.443881 0.000000 -1.787331 99.983484 0.002674 0.973572 0.000236 
326 6.443881 0.000000 -3.665316 99.969358 0.000391 1.484680 0.000392 
327 8.386489 0.000000 -1.787331 99.990769 0.002562 0.998968 0.000085 
328 6.443881 0.000000 0.090653 100.037551 -0.002551 -1.388990 -0.000944 
329 3.529968 0.000000 -0.848339 99.962693 0.013073 0.055815 0.000746 
330 3.529968 0.000000 -1.787331 99.930248 0.002581 0.924553 0.001309 
331 4.501272 0.000000 -0.848339 99.987698 0.013068 0.101484 0.000245 
332 3.529968 0.000000 0.090653 100.027802 -0.008737 -1.403484 -0.000753 
333 2.073012 0.000000 -0.378843 99.891390 0.011307 -0.882303 0.002093 
334 2.073012 0.000000 -0.848339 99.818311 0.006443 -0.050693 0.003630 
335 2.558664 0.000000 -0.378843 99.945209 0.020776 -0.796632 0.001032 
336 2.073012 0.000000 0.090653 100.007703 -0.009844 -1.534727 -0.000390 
337 1.344534 0.000000 -0.144095 99.836229 0.000808 -1.779100 0.002956 
338 1.344534 0.000000 -0.378843 99.664373 0.001809 -1.146813 0.006570 
339 1.587360 0.000000 -0.144095 99.892185 0.001653 -1.631332 0.001889 
340 1.344534 0.000000 0.090653 100.058643 -0.000575 -1.863248 -0.001520 
341 12.271706 0.000000 3.846622 99.992690 -0.000462 1.481342 -0.000073 
342 16.156923 0.000000 3.846622 99.990989 -0.000488 1.474719 -0.000037 
343 12.271706 0.000000 7.602590 99.990914 -0.000060 1.673076 -0.000098 
344 6.443881 0.000000 1.968637 100.009532 -0.002700 0.978645 -0.000286 
345 8.386489 0.000000 1.968637 100.003621 -0.002841 0.967485 -0.000166 
346 6.443881 0.000000 3.846622 100.006847 -0.000409 1.486984 -0.000358 
347 3.529968 0.000000 1.029645 100.044269 -0.010272 0.153819 -0.000888 
348 4.501272 0.000000 1.029645 100.027935 -0.011808 0.158678 -0.000561 
349 3.529968 0.000000 1.968637 100.053755 -0.002217 0.979985 -0.001171 
350 2.073012 0.000000 0.560149 100.105213 -0.010969 -0.674882 -0.002151 
351 2.558664 0.000000 0.560149 100.058560 -0.017745 -0.610273 -0.001209 
352 2.073012 0.000000 1.029645 100.162306 -0.004830 0.089318 -0.003250 
353 1.830186 0.000000 -0.144095 99.928871 0.002492 -1.521100 0.001191 
354 1.830186 0.000000 -0.378843 99.847302 0.006987 -0.946264 0.002962 
355 2.073012 0.000000 -0.144095 99.950727 0.004441 -1.443806 0.000777 
356 1.830186 0.000000 0.090653 100.012409 -0.005975 -1.601819 -0.000505 
357 -11.039595 0.000000 -11.177253 99.979304 0.000001 1.746181 0.000109 
358 -14.924812 0.000000 -11.177253 99.981490 0.000000 1.746612 0.000065 
359 -11.039595 0.000000 -14.933221 99.980326 0.000000 1.745103 0.000089 
360 4.501272 0.000000 -11.177253 99.972438 0.000010 1.719753 0.000255 
361 4.501272 0.000000 -14.933221 99.977182 0.000004 1.732057 0.000156 
362 8.386489 0.000000 -11.177253 99.976940 0.000013 1.715307 0.000167 
363 12.271706 0.000000 -11.177253 99.980269 0.000014 1.714085 0.000101 
364 12.271706 0.000000 -14.933221 99.980862 0.000005 1.728124 0.000084 
365 16.156923 0.000000 -11.177253 99.982245 0.000014 1.714146 0.000061 
366 -5.211770 0.000000 -5.543300 99.961658 0.000004 1.748520 0.000461 
367 -7.154378 0.000000 -5.543300 99.970890 0.000002 1.750649 0.000276 
368 -5.211770 0.000000 -7.421284 99.966259 0.000003 1.744183 0.000370 
369 2.558664 0.000000 -5.543300 99.937682 0.000074 1.642871 0.000976 
370 2.558664 0.000000 -7.421284 99.955210 0.000030 1.691548 0.000609 
371 4.501272 0.000000 -5.543300 99.955186 0.000100 1.627068 0.000631 
372 6.443881 0.000000 -5.543300 99.967759 0.000112 1.622937 0.000381 
373 6.443881 0.000000 -7.421284 99.969782 0.000045 1.677016 0.000323 
374 8.386489 0.000000 -5.543300 99.975195 0.000116 1.623347 0.000233 
375 -2.297857 0.000000 -2.726323 99.884000 0.000020 1.754658 0.002011 
376 -3.269161 0.000000 -2.726323 99.923741 0.000010 1.766121 0.001213 
377 -2.297857 0.000000 -3.665316 99.906088 0.000018 1.737253 0.001576 
378 1.587360 0.000000 -2.726323 99.820216 0.000450 1.365657 0.003406 
379 1.587360 0.000000 -3.665316 99.875361 0.000182 1.533783 0.002256 
380 2.558664 0.000000 -2.726323 99.881463 0.000654 1.317696 0.002196 
381 3.529968 0.000000 -2.726323 99.924315 0.002117 1.306648 0.001342 
382 3.529968 0.000000 -3.665316 99.930272 0.000326 1.486294 0.001173 
383 4.501272 0.000000 -2.726323 99.950168 0.000876 1.308505 0.000825 
384 -0.840901 0.000000 -1.317835 99.549588 0.000063 1.753026 0.008681 
385 -1.326553 0.000000 -1.317835 99.707912 0.000037 1.819589 0.005502 
386 -0.840901 0.000000 -1.787331 99.653873 0.000067 1.688508 0.006625 
387 1.101708 0.000000 -1.317835 99.513197 0.000814 0.629715 0.009673 
388 1.101708 0.000000 -1.787331 99.635318 0.000559 1.033651 0.007174 
389 1.587360 0.000000 -1.317835 99.683847 0.001651 0.548028 0.006283 
390 2.073012 0.000000 -1.317835 99.798524 0.002887 0.533390 0.003997 
391 2.073012 0.000000 -1.787331 99.808331 0.001443 0.922110 0.003745 
392 2.558664 0.000000 -1.317835 99.869888 0.004142 0.542562 0.002571 
393 0.858882 0.000000 -0.613591 99.050347 0.000574 -0.593053 0.018868 
394 0.858882 0.000000 -0.848339 99.162760 0.000634 0.000362 0.016675 
395 1.101708 0.000000 -0.613591 99.368395 0.001053 -0.618475 0.012554 
396 1.344534 0.000000 -0.613591 99.577113 0.002001 -0.573914 0.008407 
397 1.344534 0.000000 -0.848339 99.555020 0.001790 -0.102922 0.008879 
398 1.587360 0.000000 -0.613591 99.706412 0.003694 -0.519657 0.005836 
399 1.344534 0.000000 0.325401 100.245989 -0.001696 -1.392760 -0.005120 
400 1.587360 0.000000 0.325401 100.150100 -0.004134 -1.255642 -0.003162 
401 1.344534 0.000000 0.560149 100.366221 -0.002002 -0.864652 -0.007413 
402 -0.598075 0.000000 -0.613591 99.168887 0.000059 2.073018 0.016123 
403 -0.840901 0.000000 -0.613591 99.446347 0.000038 2.064626 0.010616 
404 -0.598075 0.000000 -0.848339 99.255123 0.000075 1.860196 0.014496 
405 -0.233835 0.000000 -0.261469 98.051452 0.000052 2.742063 0.037839 
406 -0.355249 0.000000 -0.261469 98.620571 0.000044 2.753286 0.026640 
407 -0.233835 0.000000 -0.378843 98.203759 0.000068 2.281157 0.035082 
408 0.433936 0.000000 0.149340 97.795146 0.000632 -10.348709 0.032901 
409 0.494643 0.000000 0.149340 96.914494 0.000888 -11.780845 0.046879 
410 0.433936 0.000000 0.208027 97.229209 0.000843 -11.828616 0.040656 
411 0.403583 0.000000 0.061309 99.248033 0.000563 -9.425981 0.006098 
412 0.433936 0.000000 0.061309 98.206018 0.000593 -9.754881 0.026042 
413 0.403583 0.000000 0.090653 98.519622 0.000548 -9.712073 0.019956 
414 -0.598075 0.000000 0.325401 100.424769 -0.000031 2.725619 -0.009256 
415 -0.840901 0.000000 0.325401 100.217252 -0.000018 2.426888 -0.004939 
416 -0.598075 0.000000 0.560149 100.684477 -0.000052 2.401395 -0.014313 
417 -0.233835 0.000000 0.208027 101.061289 -0.000020 4.390631 -0.023266 
418 -0.355249 0.000000 0.208027 100.542593 -0.000015 3.647876 -0.012212 
419 -0.233835 0.000000 0.325401 101.610787 -0.000036 3.559894 -0.033742 
420 0.191110 0.000000 0.149340 99.015309 -0.000435 0.385813 0.019582 
421 0.191110 0.000000 0.208027 106.608967 -0.000654 0.407234 -0.136564 
422 0.282170 0.000000 0.061309 103.234076 -0.000072 -4.736581 -0.067971 
423 0.251817 0.000000 0.061309 101.788310 -0.000293 -3.038518 -0.037009 
424 0.282170 0.000000 0.090653 101.901096 0.000023 -4.786399 -0.040674 
425 0.388406 0.000000 0.017294 98.917410 0.000490 -8.948912 0.013526 
426 0.403583 0.000000 0.017294 98.803102 0.000510 -8.987219 0.015718 
427 0.388406 0.000000 0.031966 98.978581 0.000485 -8.956900 0.012301 
428 0.282170 0.000000 -0.056065 101.245712 -0.000048 -4.686955 -0.027266 
429 0.251817 0.000000 -0.056065 98.582338 -0.000325 -1.231857 0.028001 
430 0.282170 0.000000 -0.085408 101.250891 0.000018 -4.610078 -0.027300 
431 0.160757 0.000000 0.002622 98.900829 -0.000677 1.224961 0.021713 
432 0.160757 0.000000 -0.026721 97.557369 -0.000708 1.543933 0.048018 
433 0.160757 0.000000 0.031966 103.900098 -0.000344 0.408005 -0.079540 
434 0.221463 0.000000 0.061309 101.176467 -0.000354 -1.575999 -0.023916 
435 0.191110 0.000000 0.061309 102.489076 -0.000357 -0.965331 -0.050494 
436 0.221463 0.000000 0.090653 99.191984 -0.000381 -0.472034 0.016073 
437 0.160757 0.000000 0.061309 102.762356 -0.000364 0.704422 -0.056060 
438 0.130404 0.000000 0.061309 101.927276 -0.000527 2.405210 -0.039495 
439 0.160757 0.000000 0.090653 99.067665 -0.000511 1.153572 0.018427 
440 0.221463 0.000000 -0.056065 98.615058 -0.000403 -0.491075 0.027483 
441 0.191110 0.000000 -0.056065 98.557131 -0.000480 0.295375 0.028640 
442 0.221463 0.000000 -0.085408 98.423410 -0.000407 -0.415363 0.031266 
443 0.160757 0.000000 -0.056065 98.399123 -0.000554 1.095403 0.031641 
444 0.130404 0.000000 -0.056065 98.553480 -0.000710 2.143956 0.028261 
445 0.160757 0.000000 -0.085408 98.202998 -0.000550 1.029512 0.035511 
446 -0.051716 0.000000 0.149340 95.047459 -0.001389 12.266432 0.081552 
447 -0.112422 0.000000 0.149340 93.066510 -0.001474 14.203146 0.113690 
448 -0.051716 0.000000 0.208027 93.786806 -0.001449 14.266097 0.100051 
449 0.100050 0.000000 0.061309 103.820638 -0.000784 6.024458 -0.081502 
450 0.100050 0.000000 0.090653 99.600690 -0.001031 5.257268 0.005206 
451 0.100050 0.000000 -0.056065 98.726288 -0.001097 5.051997 0.022760 
452 0.100050 0.000000 -0.085408 98.606192 -0.001100 4.904539 0.025276 
453 -0.021363 0.000000 0.061309 95.623180 -0.001329 10.992400 0.073537 
454 -0.051716 0.000000 0.061309 95.281755 -0.001340 11.029728 0.079973 
455 -0.021363 0.000000 0.090653 95.924479 -0.001312 10.987733 0.067776 
456 -0.021363 0.000000 -0.056065 95.005061 -0.001380 10.401969 0.086584 
457 -0.051716 0.000000 -0.056065 93.660800 -0.001448 11.299299 0.109998 
458 -0.021363 0.000000 -0.085408 95.087217 -0.001381 10.233705 0.085369 
459 1.830186 0.000000 -0.613591 99.790152 0.006254 -0.469969 0.004170 
460 1.830186 0.000000 -0.848339 99.758260 0.004545 -0.073174 0.004828 
461 2.073012 0.000000 -0.613591 99.846904 0.009437 -0.428209 0.003041 
462 1.830186 0.000000 0.325401 100.091060 -0.008595 -1.162323 -0.001957 
463 2.073012 0.000000 0.325401 100.058859 -0.013772 -1.098518 -0.001298 
464 1.830186 0.000000 0.560149 100.155402 -0.007172 -0.724341 -0.003163 
1 19 21 9 22 
2 20 19 22 4 
3 28 29 3 30 
4 21 28 30 9 
5 35 37 21 38 
6 36 35 38 19 
7 44 45 28 46 
8 37 44 46 21 
9 51 53 37 54 
10 52 51 54 35 
11 60 61 44 62 
12 53 60 62 37 
13 67 69 53 70 
14 68 67 70 51 
15 76 77 60 78 
16 69 76 78 53 
17 83 85 69 86 
18 84 83 86 67 
19 92 93 76 94 
20 85 92 94 69 
21 74 96 95 90 
22 96 79 97 95 
23 95 97 82 98 
24 90 95 98 5 
25 99 101 85 102 
26 100 99 102 83 
27 105 90 106 103 
28 103 106 5 107 
29 11 110 108 109 
30 110 10 24 108 
31 108 24 14 111 
32 109 108 111 6 
33 24 114 112 113 
34 114 23 40 112 
35 112 40 27 115 
36 113 112 115 14 
37 40 118 116 117 
38 118 39 56 116 
39 116 56 43 119 
40 117 116 119 27 
41 56 122 120 121 
42 121 120 123 43 
43 5 98 132 101 
44 98 82 133 132 
45 132 133 92 134 
46 101 132 134 85 
47 107 5 137 135 
48 135 137 101 138 
49 136 135 138 99 
50 141 103 142 139 
51 139 142 107 143 
52 6 111 144 145 
53 111 14 36 144 
54 144 36 19 146 
55 145 144 146 20 
56 14 115 147 148 
57 115 27 52 147 
58 147 52 35 149 
59 148 147 149 36 
60 27 119 150 151 
61 119 43 68 150 
62 150 68 51 152 
63 151 150 152 52 
64 43 123 153 154 
65 153 84 67 155 
66 154 153 155 68 
67 156 100 83 158 
68 157 156 158 84 
69 159 136 99 161 
70 160 159 161 100 
71 12 168 166 167 
72 168 7 169 166 
73 166 169 13 25 
74 167 166 25 10 
75 25 172 170 171 
76 172 13 173 170 
77 170 173 26 41 
78 171 170 41 23 
79 41 176 174 175 
80 176 26 177 174 
81 174 177 42 57 
82 175 174 57 39 
83 57 180 178 179 
84 180 42 181 178 
85 178 181 58 73 
86 179 178 73 55 
87 73 184 182 183 
88 184 58 185 182 
89 182 185 74 89 
90 183 182 89 71 
91 89 188 186 187 
92 188 74 189 186 
93 186 189 90 105 
94 187 186 105 87 
95 87 192 190 191 
96 192 105 193 190 
97 190 193 103 141 
98 196 141 197 194 
99 194 197 139 198 
100 71 201 199 200 
101 201 89 187 199 
102 199 187 87 130 
103 200 199 130 88 
104 130 204 202 203 
105 204 87 191 202 
106 164 207 205 206 
107 206 205 208 162 
108 191 211 209 210 
109 211 190 212 209 
110 209 212 141 196 
111 210 209 196 104 
112 104 215 213 214 
113 215 196 216 213 
114 213 216 194 217 
115 214 213 217 195 
116 202 220 218 219 
117 220 191 210 218 
118 218 210 104 207 
119 219 218 207 164 
120 207 223 221 222 
121 223 104 214 221 
122 221 214 195 224 
123 222 221 224 205 
124 88 235 233 234 
125 235 130 203 233 
126 231 238 236 237 
127 238 128 239 236 
128 236 239 163 240 
129 237 236 240 229 
130 241 160 100 243 
131 242 241 243 156 
132 55 250 248 249 
133 250 73 183 248 
134 248 183 71 126 
135 249 248 126 72 
136 126 253 251 252 
137 253 71 200 251 
138 251 200 88 227 
139 252 251 227 124 
140 227 256 254 255 
141 256 88 234 254 
142 246 259 257 258 
143 259 129 260 257 
144 257 260 230 261 
145 258 257 261 244 
146 120 264 262 263 
147 264 72 125 262 
148 262 125 59 265 
149 263 262 265 123 
150 125 268 266 267 
151 268 124 226 266 
152 266 226 127 269 
153 267 266 269 59 
154 226 272 270 271 
155 271 270 273 127 
156 276 246 258 274 
157 274 258 244 277 
158 124 280 278 279 
159 280 227 255 278 
160 279 278 272 226 
161 272 283 281 282 
162 283 225 275 281 
163 281 275 245 284 
164 282 281 284 270 
165 255 287 285 286 
166 287 254 288 285 
167 285 288 246 276 
168 286 285 276 225 
169 225 291 289 290 
170 291 276 292 289 
171 289 292 274 293 
172 290 289 293 275 
173 228 247 294 295 
174 247 75 296 294 
175 294 296 160 297 
176 295 294 297 241 
177 245 277 298 299 
178 277 244 300 298 
179 298 300 247 301 
180 299 298 301 228 
181 275 293 302 303 
182 293 274 304 302 
183 302 304 277 305 
184 303 302 305 245 
185 128 307 306 239 
186 307 164 206 306 
187 306 206 162 308 
188 239 306 308 163 
189 131 165 309 310 
190 165 91 311 309 
191 309 311 136 312 
192 310 309 312 159 
193 162 208 313 314 
194 208 140 315 313 
195 313 315 91 316 
196 314 313 316 165 
197 205 224 317 318 
198 224 195 319 317 
199 317 319 140 320 
200 318 317 320 208 
201 15 322 321 33 
202 322 17 323 321 
203 321 323 8 324 
204 33 321 324 18 
205 31 326 325 49 
206 326 33 327 325 
207 325 327 18 328 
208 49 325 328 34 
209 47 330 329 65 
210 330 49 331 329 
211 329 331 34 332 
212 65 329 332 50 
213 334 65 335 333 
214 333 335 50 336 
215 79 338 337 97 
216 338 81 339 337 
217 337 339 66 340 
218 97 337 340 82 
219 18 324 341 45 
220 324 8 342 341 
221 341 342 29 343 
222 45 341 343 28 
223 34 328 344 61 
224 328 18 345 344 
225 344 345 45 346 
226 61 344 346 44 
227 50 332 347 77 
228 332 34 348 347 
229 347 348 61 349 
230 77 347 349 60 
231 336 50 351 350 
232 350 351 77 352 
233 93 350 352 76 
234 81 354 353 339 
235 354 333 355 353 
236 353 355 336 356 
237 339 353 356 66 
238 1 359 357 358 
239 359 12 167 357 
240 357 167 10 110 
241 358 357 110 11 
242 7 361 360 169 
243 361 16 362 360 
244 360 362 15 32 
245 169 360 32 13 
246 16 364 363 362 
247 364 2 365 363 
248 363 365 17 322 
249 362 363 322 15 
250 10 368 366 367 
251 368 25 171 366 
252 366 171 23 114 
253 367 366 114 24 
254 13 370 369 173 
255 370 32 371 369 
256 369 371 31 48 
257 173 369 48 26 
258 32 373 372 371 
259 373 15 374 372 
260 372 374 33 326 
261 371 372 326 31 
262 23 377 375 376 
263 377 41 175 375 
264 375 175 39 118 
265 376 375 118 40 
266 26 379 378 177 
267 379 48 380 378 
268 378 380 47 64 
269 177 378 64 42 
270 48 382 381 380 
271 382 31 383 381 
272 381 383 49 330 
273 380 381 330 47 
274 39 386 384 385 
275 386 57 179 384 
276 384 179 55 122 
277 385 384 122 56 
278 42 388 387 181 
279 388 64 389 387 
280 387 389 63 80 
281 181 387 80 58 
282 64 391 390 389 
283 391 47 392 390 
284 390 392 65 334 
285 389 390 334 63 
286 58 394 393 185 
287 394 80 395 393 
288 393 395 79 96 
289 185 393 96 74 
290 80 397 396 395 
291 397 63 398 396 
292 396 398 81 338 
293 395 396 338 79 
294 82 340 399 133 
295 340 66 400 399 
296 399 400 93 401 
297 133 399 401 92 
298 122 404 402 403 
299 404 55 249 402 
300 402 249 72 264 
301 403 402 264 120 
302 72 407 405 406 
303 407 126 252 405 
304 405 252 124 268 
305 406 405 268 125 
306 91 143 408 311 
307 143 107 409 408 
308 408 409 135 410 
309 311 408 410 136 
310 140 198 411 315 
311 198 139 412 411 
312 411 412 143 413 
313 315 411 413 91 
314 123 265 414 415 
315 265 59 157 414 
316 414 157 84 416 
317 415 414 416 153 
318 59 269 417 418 
319 269 127 242 417 
320 417 242 156 419 
321 418 417 419 157 
322 75 232 420 296 
323 232 131 310 420 
324 420 310 159 421 
325 296 420 421 160 
326 163 308 422 423 
327 308 162 314 422 
328 422 314 165 424 
329 423 422 424 131 
330 195 217 425 319 
331 217 194 426 425 
332 425 426 198 427 
333 319 425 427 140 
334 203 430 428 429 
335 430 202 219 428 
336 428 219 164 307 
337 429 428 307 128 
338 129 432 431 260 
339 432 231 237 431 
340 431 237 229 433 
341 260 431 433 230 
342 229 240 434 435 
343 240 163 423 434 
344 434 423 131 436 
345 435 434 436 232 
346 230 433 437 438 
347 433 229 435 437 
348 437 435 232 439 
349 438 437 439 75 
350 233 442 440 441 
351 442 203 429 440 
352 440 429 128 238 
353 441 440 238 231 
354 234 445 443 444 
355 445 233 441 443 
356 443 441 231 432 
357 444 443 432 129 
358 127 273 446 447 
359 273 228 295 446 
360 446 295 241 448 
361 447 446 448 242 
362 244 261 449 300 
363 261 230 438 449 
364 449 438 75 450 
365 300 449 450 247 
366 254 452 451 288 
367 452 234 444 451 
368 451 444 129 259 
369 288 451 259 246 
370 270 284 453 454 
371 284 245 299 453 
372 453 299 228 455 
373 454 453 455 273 
374 278 458 456 457 
375 458 255 286 456 
376 456 286 225 283 
377 457 456 283 272 
378 63 460 459 398 
379 460 334 461 459 
380 459 461 333 354 
381 398 459 354 81 
382 66 356 462 400 
383 356 336 463 462 
384 462 463 350 464 
385 400 462 464 93 
